2.041476444479999918e+04 5.176409999999999734e+00 2.730200396219545667e+01
4.258931032799999957e+04 1.061890000000000001e+01 2.185386024334232857e+01
6.771128174850001233e+04 7.248370000000000424e+00 1.213087313850877180e+01
2.823520322799999849e+05 5.165429999999999744e+00 9.217547416800672977e+01
6.562825241489999462e+04 4.903089999999999726e+00 2.169349718165084440e+01
2.046958970219999901e+04 1.046589999999999954e+01 9.281464080617348955e+00
3.799880304570000590e+03 3.701989999999999892e+00 1.055029783266718724e+01
9.949647670079999443e+03 8.254720000000000724e+00 1.269089939958622359e+01
1.072512337797000146e+04 7.481569999999999609e+00 1.026617660042251856e+01
3.041092756840000220e+04 1.284660000000000046e+01 1.186987703988652676e+01
2.529771168276000026e+04 8.233219999999999317e+00 8.624359418347323114e+00
1.725033064139999988e+04 9.545629999999999171e+00 1.416621960408773973e+01
2.033451303063999876e+04 4.868879999999999875e+00 8.425701783919153698e+00
2.221899658744999761e+04 9.381850000000000023e+00 1.228649865145198739e+01
9.828370189316998585e+04 7.736509999999999998e+00 8.917453092339458820e+00
2.878959953160000077e+04 1.543560000000000088e+01 1.098449376775623598e+01
9.081290180340000006e+03 6.215309999999999668e+00 1.303400538901962946e+01
1.855787771249999787e+04 5.369069999999999787e+00 1.411551602233491565e+01
1.285891050560000076e+04 1.134159999999999968e+01 9.286635379677631974e+00
4.753070824319999665e+06 4.891200000000000436e+00 4.737927431620508969e+02
1.182762172260000079e+05 5.863400000000000389e+00 7.907634641830229327e+01
1.370210670784000104e+04 7.246719999999999828e+00 1.572362020828729356e+01
3.804756406879999849e+04 7.734960000000000058e+00 1.787139712678693115e+01
2.686862655360000208e+05 7.732879999999999754e+00 1.321413333651016160e+02
2.810128732040000032e+05 4.804540000000000255e+00 6.831422791676783390e+01
1.623877679951500031e+05 8.801650000000000418e+00 1.013150394092028428e+01
3.824457166950000101e+05 2.366649999999999920e+00 3.734291410209283981e+02
4.422211553591999836e+04 6.643580000000000041e+00 8.863411079725915798e+00
1.207509993510000095e+04 4.155210000000000292e+00 1.477689516448536722e+01
4.505570485680000274e+03 4.520679999999999588e+00 8.450887391985409280e+00
2.145927866219999851e+04 4.306370000000000253e+00 2.181928498078952927e+01
7.291847902179999437e+03 3.702069999999999972e+00 1.253474577959742042e+01
1.923790166953199951e+05 7.732359999999999900e+00 2.364558054319915925e+01
1.582942919455999981e+04 5.368290000000000006e+00 9.439366777432098843e+00
1.927848270000000048e+04 8.160600000000000520e+00 1.301295962884008617e+01
3.231357996879999700e+04 9.690939999999999444e+00 1.174304454003435616e+01
1.054166500056000041e+04 9.690780000000000172e+00 8.814683981708663296e+00
7.569390992256000754e+04 4.154480000000000395e+00 4.384254273743911767e+01
3.307932872603999567e+04 8.492689999999999628e+00 1.977697397427396098e+01
1.542847604100000171e+04 3.613020000000000120e+00 1.121044577071626769e+01
4.553943139199999860e+04 7.735999999999999766e+00 9.551933336189067703e+00
3.205836748799999623e+04 1.129759999999999920e+01 1.149004506542425830e+01
1.000767880350000050e+05 1.913380000000000081e+00 9.850847412705705608e+01
9.611187133800000083e+03 6.908599999999999852e+00 9.421882851936999259e+00
9.176226800219999859e+03 4.359980000000000189e+00 1.833402959327953852e+01
1.592324631139999838e+04 6.918309999999999960e+00 1.672657989520703126e+01
8.803151122980000218e+04 5.867219999999999658e+00 3.441986936120586904e+01
1.904482050080000045e+04 2.907719999999999860e+00 4.278053382673066096e+01
2.463598495199999888e+04 1.364199999999999946e+01 1.083631862642146082e+01
7.487837673600000016e+03 3.857689999999999841e+00 9.887202520524207117e+00
1.300427743999999802e+04 5.369650000000000034e+00 1.256325786951880374e+01
1.765674176000000080e+04 1.206900000000000084e+01 1.027399547554670356e+01
1.944843282140000156e+04 9.687150000000000816e+00 1.280866896633585306e+01
4.049413047499999811e+04 9.996249999999999858e+00 1.224316803271154264e+01
1.252866548440000042e+04 1.204860000000000042e+01 8.841245013428036259e+00
1.525000246467999932e+04 9.917469999999999786e+00 9.168923301132496206e+00
3.126503716515000633e+04 4.902350000000000207e+00 8.651575671551279711e+00
1.194375439634999959e+06 7.490709999999999980e+00 4.812573685453683652e+02
9.335980880769999203e+03 5.186370000000000147e+00 9.582318516174598955e+00
1.589725150287999895e+04 7.247519999999999740e+00 1.182524828456288191e+01
1.389426665470000262e+04 7.967850000000000321e+00 1.025309684490631490e+01
1.875090381189999607e+04 1.220289999999999964e+01 8.788238808197826657e+00
5.067098840110000310e+04 6.644099999999999895e+00 2.438270488871108910e+01
2.283644260800000120e+04 1.207390000000000008e+01 1.026949131346998279e+01
1.457388459186000000e+04 9.321659999999999613e+00 8.647026432895465575e+00
5.149281958080000186e+04 8.039680000000000604e+00 2.754668875147661211e+01
3.868859397919999901e+04 5.185839999999999783e+00 1.880944207415335256e+01
7.751470188539999981e+03 8.802830000000000155e+00 8.594743537352115936e+00
4.719835729960000026e+04 1.450890000000000013e+00 8.294312730843257953e+01
1.221167881235999812e+04 5.367259999999999920e+00 9.597149661979630153e+00
2.631931075250000140e+04 9.349750000000000227e+00 9.409838871729002463e+00
7.787450930279999739e+03 4.461079999999999934e+00 1.329962838849849938e+01
2.568777771299999949e+04 1.205979999999999919e+01 9.855232781730098424e+00
4.245304471439999761e+05 5.181479999999999642e+00 1.509855987830068216e+02
3.325123697024000285e+04 6.917440000000000033e+00 2.276667884890202487e+01
2.592401496999999654e+04 8.526999999999999247e+00 1.746197382949612731e+01
1.836992739217999770e+04 3.728619999999999823e+00 8.826062019808716741e+00
8.992132061952000367e+04 7.488730000000000331e+00 2.296568371304470801e+01
6.504532365290998714e+05 1.613369999999999971e+00 1.136791822832732066e+02
1.063100602943999911e+04 9.980719999999999814e+00 8.241187807311815661e+00
1.455066669499999989e+04 1.099499999999999922e+01 8.611523547524820188e+00
2.821837388370000190e+04 1.245889999999999986e+01 1.559093812882136199e+01
1.396219248238000000e+04 6.216669999999999696e+00 9.215364035405992027e+00
1.724225661599999876e+04 1.545800000000000018e+01 1.000532860303247951e+01
2.941149644940000144e+04 7.761739999999999640e+00 1.329769276263911770e+01
1.633235592648000056e+04 9.964579999999999771e+00 1.576074775917347459e+01
1.314365991159999976e+04 1.065090000000000003e+01 1.081986262122721243e+01
7.008449110519999522e+04 2.889159999999999950e+00 1.990775687379965220e+01
2.152170007953000095e+04 9.997230000000000061e+00 1.159873650966816783e+01
1.456815617711999948e+04 2.365489999999999871e+00 3.345602082527507548e+01
1.767295497420000174e+04 6.502699999999999925e+00 1.031773107596744232e+01
