38104.079011047696        70828.27520893404        0.864
37998.70299175597        97146.14850135811        0.758
38073.289734491875        56716.24043403084        0.91
38024.29439532206        91491.88624410538        0.77
38047.15628329958        71818.50056029417        0.853
38129.84230408806        82255.929291443        0.809
38077.3673578703        92824.02372889231        0.786
38023.547949563275        68166.26989553156        0.872
38015.42088603852        73902.74925411797        0.869
38134.862824737196        99392.34501106004        0.767
37989.806802472536        89597.56602802627        0.797
38053.864916963845        86529.40269583509        0.837
38017.00913406686        73847.2537322788        0.845
38046.570804996045        86224.96377026447        0.815
38074.78466749518        65374.597653527024        0.866
38080.32134124853        81380.22470300527        0.818
38037.68159801143        85820.15239563928        0.804
38061.53980105253        72967.96948743626        0.857
38013.72027167053        81458.02636944906        0.827
38004.55485228267        98079.24455274624        0.769
38062.31975860949        102348.2770925818        0.752
38130.22250083903        92334.49048009315        0.775
38044.908396065366        41832.62198572046        0.949
38004.84571368186        83785.50784145128        0.832
37986.75841546912        86170.85584998078        0.794
38068.667579354595        95254.81627295425        0.781
37994.17825567842        81752.40360127555        0.82
38057.11449994537        87191.29745635067        0.792
38092.036144550824        82127.11815526639        0.829
38083.12918906058        85352.32371320977        0.814
38030.2367874212        69492.62584053795        0.869
38090.41486902082        77508.711906893        0.842
38071.952250569026        85424.17437395462        0.831
38065.75021101085        78950.42595805098        0.833
38127.537516712124        85612.3241625718        0.839
37986.387736520475        67947.52792259096        0.879
38105.37929182585        68026.61779830253        0.858
38008.34450961331        84697.17153580047        0.81
38108.41099329115        69871.51666742773        0.869
38149.85795921609        78651.25894518313        0.823
38111.19692747442        86643.23769872753        0.798
38047.709412611206        87397.6347418815        0.8
38116.91260038716        108332.82549706502        0.728
38132.79511900439        65669.14913114792        0.876
37967.14178819286        96329.74663089239        0.781
38063.145097919245        65189.45816825323        0.878
38005.18065113195        69145.11788895048        0.849
38028.943409546264        92018.76363847325        0.805
38071.73274361338        87179.42677341567        0.818
38016.15187599905        79493.59400160682        0.831
38003.18917564264        77707.20022296671        0.849
38103.58420737943        84805.9787311482        0.812
38036.07778365292        87033.42741328182        0.812
38077.64272273771        76989.7194242153        0.837
38102.91220043146        97616.7652955129        0.784
38078.1038123861        96347.3353018998        0.773
38013.989586557196        50173.65522897672        0.934
37988.988073644774        91983.20874780513        0.793
37961.57930534439        49534.20306744747        0.929
38119.90447548995        75180.90547445342        0.84
38103.424942137375        66991.52800952159        0.881
38030.19661476365        88832.95275751501        0.797
38117.94344101039        70584.64321447042        0.867
38068.23291530013        85778.2304109334        0.815
38042.76937197737        69224.84663134243        0.874
38145.30694014625        104009.15206359435        0.757
38034.435098658345        90749.19003282486        0.799
38008.5516574352        88153.53728726886        0.797
38053.533090485056        81736.24352593378        0.821
38080.77224869268        81943.43777979372        0.83
38003.56406989133        89069.65844122261        0.821
38094.2072705855        78294.90170107085        0.855
38000.522944487624        61543.480864124875        0.899
38095.277071007054        63211.93928394861        0.869
38043.62397313974        87326.46447915472        0.796
38084.532686219354        66576.44330270364        0.872
