43.528     18.946659620417204     0.36333494983678954    0.28808070213022563
43.528     18.946659620417204     0.511651684935519      0.19453829705407213
43.528     18.946659620417204     0.7795023186320081     0.11313639490291595
43.528     18.946659620417204     1.0247914415145798     0.08148783201731336
43.528     18.946659620417204     1.1419468114581495     0.07240298444913977
43.528     18.946659620417204     1.368386809288718      0.05845823896862472
43.528     18.946659620417204     2.4106846856699784     0.028241365560448276
43.528     18.946659620417204     3.8434065858833364     0.0170744872212407
43.528     18.946659620417204     5.20227576545855       0.011303705104501903
43.528     18.946659620417204     6.518328678426769      0.008748427928854155
43.528     18.946659620417204     7.8053580620691845     0.007440146784913832
43.528     18.946659620417204     8.651157991302865      0.00641124271476338
43.528     18.946659620417204     9.488994147459492      0.005731873365099707
43.528     18.946659620417204     10.733226606478896     0.004956579673311739
43.528     18.946659620417204     11.964892613814317     0.004425647115435217
43.528     18.946659620417204     12.78006750045595      0.00417215606718115
43.528     18.946659620417204     13.591067052787979     0.0037661678511290756			
43.528     18.946659620417204     14.800600310842892     0.00003
43.528     18.946659620417204     16.242367416341924     0.00000002
43.528     18.946659620417204     17.595621324880657     0.000000001
43.528     18.946659620417204     18.78370524674272      0.0000000000
43.528     18.946659620417204     19.572953732860405     0.000000000
43.528     18.946659620417204     20.75297677094139      0.0000000000
217.64     94.73329810208602     0.36333494983678954     3.6162145892256765
217.64     94.73329810208602     0.511651684935519       2.398954034001325
217.64     94.73329810208602     0.7795023186320081      1.4370954726930045
217.64     94.73329810208602     1.0247914415145798      0.9859226016758056
217.64     94.73329810208602     1.1419468114581495      0.8894745385604592
217.64     94.73329810208602     1.368386809288718       0.6886550802319257
217.64     94.73329810208602     2.4106846856699784      0.34936079929203145
217.64     94.73329810208602     3.8434065858833364      0.20396510939722132
217.64     94.73329810208602     5.20227576545855        0.13890980597534675
217.64     94.73329810208602     6.518328678426769      0.10903248707064049
217.64     94.73329810208602     7.8053580620691845     0.0858358662003112
217.64     94.73329810208602     8.651157991302865      0.07947898253484717
217.64     94.73329810208602     9.488994147459492      0.0713903173343668
217.64     94.73329810208602     10.733226606478896     0.060462969258771954
217.64     94.73329810208602     11.964892613814317     0.05230555053763543
217.64     94.73329810208602     12.78006750045595      0.05024487953171601
217.64     94.73329810208602     13.591067052787979     0.04706774801732155
217.64     94.73329810208602     14.800600310842892     0.041713065429214324
217.64     94.73329810208602     16.242367416341924     0.03929273369466518
217.64     94.73329810208602     17.595621324880657     0.03428894634295184
217.64     94.73329810208602     18.78370524674272      0.031955354968856736
217.64     94.73329810208602     19.572953732860405     0.03076535399104741
217.64     94.73329810208602     20.75297677094139      0.02972945549217645
391.75     170.51906603332202    0.36333494983678954    7.66286587570162
391.75     170.51906603332202    0.511651684935519     5.023072735664403
391.75     170.51906603332202    0.7795023186320081     3.1273761211258866
391.75     170.51906603332202    1.0247914415145798     2.1947741739744497
391.75     170.51906603332202    1.1419468114581495     1.97751201227494
391.75     170.51906603332202    1.368386809288718     1.5681048317740778
391.75     170.51906603332202    2.4106846856699784     0.7736980356943457
391.75     170.51906603332202    3.8434065858833364     0.44285620376723966
391.75     170.51906603332202    5.20227576545855     0.31605506715427906
391.75     170.51906603332202    6.518328678426769     0.23813162178926695
391.75     170.51906603332202    7.8053580620691845     0.19232895663610422
391.75     170.51906603332202    8.651157991302865     0.17496685129939707
391.75     170.51906603332202    9.488994147459492     0.15797344293433413
391.75     170.51906603332202    10.733226606478896     0.1329884919761315
391.75     170.51906603332202    11.964892613814317     0.11788752949467465
391.75     170.51906603332202    12.78006750045595     0.11224529554859583
391.75     170.51906603332202    13.591067052787979     0.10299892190229187
391.75     170.51906603332202    14.800600310842892     0.09347976164835525
391.75     170.51906603332202    16.242367416341924     0.08500914436859558
391.75     170.51906603332202    17.595621324880657     0.0781041241273004
391.75     170.51906603332202    18.78370524674272     0.07394069061502048
391.75     170.51906603332202    19.572953732860405     0.0689841928436708
391.75     170.51906603332202    20.75297677094139     0.06344894682614713
557.15     242.51358682952227     0.36333494983678954     12.158763730121775
557.15     242.51358682952227     0.511651684935519     8.23300725315188
557.15     242.51358682952227     0.7795023186320081     4.749757006114505
557.15     242.51358682952227     1.0247914415145798     3.4713939841307297
557.15     242.51358682952227     1.1419468114581495     3.0936918056161744
557.15     242.51358682952227     1.368386809288718     2.440075343021352
557.15     242.51358682952227     2.4106846856699784     1.2563938544310784
557.15     242.51358682952227     3.8434065858833364     0.6701632991307769
557.15     242.51358682952227     5.20227576545855     0.48488386363763974
557.15     242.51358682952227     6.518328678426769     0.38310822087044233
557.15     242.51358682952227     7.8053580620691845     0.3060156914200237
557.15     242.51358682952227     8.651157991302865     0.2647392831850016
557.15     242.51358682952227     9.488994147459492     0.24654696131517567
557.15     242.51358682952227     10.733226606478896     0.20768752593201717
557.15     242.51358682952227     11.964892613814317     0.19162954768944526
557.15     242.51358682952227     12.78006750045595     0.18177481463941947
557.15     242.51358682952227     13.591067052787979     0.16201048617405517
557.15     242.51358682952227     14.800600310842892     0.14606659624712887
557.15     242.51358682952227     16.242367416341924     0.13544442849411487
557.15     242.51358682952227     17.595621324880657     0.11543725300503715
557.15     242.51358682952227     18.78370524674272     0.11433873046487547
557.15     242.51358682952227     19.572953732860405     0.11109368944151092
557.15     242.51358682952227     20.75297677094139     0.10085941787943131
1305.8     568.3823776038593     0.36333494983678954     33.255308562331166
1305.8     568.3823776038593     0.511651684935519     22.205087391383802
1305.8     568.3823776038593     0.7795023186320081     13.654857844976778
1305.8     568.3823776038593     1.0247914415145798     9.793933554334856
1305.8     568.3823776038593     1.1419468114581495     8.408514163950638
1305.8     568.3823776038593     1.368386809288718     6.730238667452891
1305.8     568.3823776038593     2.4106846856699784     3.5337859083778156
1305.8     568.3823776038593     3.8434065858833364     2.0059525244827636
1305.8     568.3823776038593     5.20227576545855     1.3673423370739126
1305.8     568.3823776038593     6.518328678426769     1.041073258992333
1305.8     568.3823776038593     7.8053580620691845     0.8475580781967446
1305.8     568.3823776038593     8.651157991302865     0.7380337658645364
1305.8     568.3823776038593     9.488994147459492     0.6969976456646141
1305.8     568.3823776038593     10.733226606478896     0.6135052883099268
1305.8     568.3823776038593     11.964892613814317     0.5303623489384789
1305.8     568.3823776038593     12.78006750045595     0.4839049459330441
1305.8     568.3823776038593     13.591067052787979     0.4592389442393171
1305.8     568.3823776038593     14.800600310842892     0.3999502345967654
1305.8     568.3823776038593     16.242367416341924     0.37798704010883377
1305.8     568.3823776038593     17.595621324880657     0.33568045786594014
1305.8     568.3823776038593     18.78370524674272     0.3080549554426301
1305.8     568.3823776038593     19.572953732860405     0.31956975944820676
1305.8     568.3823776038593     20.75297677094139     0.28935495779978176
1741.1     757.8576793123598     0.36333494983678954     44.675854166233634
1741.1     757.8576793123598     0.511651684935519     30.463501156887087
1741.1     757.8576793123598     0.7795023186320081     18.775964087141205
1741.1     757.8576793123598     1.0247914415145798     12.966248047715215
1741.1     757.8576793123598     1.1419468114581495     11.596380621637557
1741.1     757.8576793123598     1.368386809288718     8.96457400102611
1741.1     757.8576793123598     2.4106846856699784     4.473088331041632
1741.1     757.8576793123598     3.8434065858833364     2.708343740863457
1741.1     757.8576793123598     5.20227576545855     1.7904119850929008
1741.1     757.8576793123598     6.518328678426769     1.4543650416152358
1741.1     757.8576793123598     7.8053580620691845     1.094683345990365
1741.1     757.8576793123598     8.651157991302865     0.9819184995706507
1741.1     757.8576793123598     9.488994147459492     0.9303784154447803
1741.1     757.8576793123598     10.733226606478896     0.7789667910317795
1741.1     757.8576793123598     11.964892613814317     0.70575430617674
1741.1     757.8576793123598     12.78006750045595     0.653260255674331
1741.1     757.8576793123598     13.591067052787979     0.6327161844332434
1741.1     757.8576793123598     14.800600310842892     0.5618058107782813
1741.1     757.8576793123598     16.242367416341924     0.4907540049948358
1741.1     757.8576793123598     17.595621324880657     0.45772780705112703
1741.1     757.8576793123598     18.78370524674272     0.414249062397097
1741.1     757.8576793123598     19.572953732860405     0.4025314141819524
1741.1     757.8576793123598     20.75297677094139     0.3660659890372041
2176.4     947.3329810208603     0.36333494983678954     56.23369214316351
2176.4     947.3329810208603     0.511651684935519     37.94624902323223
2176.4     947.3329810208603     0.7795023186320081     22.4067245149226
2176.4     947.3329810208603     1.0247914415145798     16.36607919000734
2176.4     947.3329810208603     1.1419468114581495     14.240673130961156
2176.4     947.3329810208603     1.368386809288718     11.064634379778838
2176.4     947.3329810208603     2.4106846856699784     5.726084450837302
2176.4     947.3329810208603     3.8434065858833364     3.2571200776252005
2176.4     947.3329810208603     5.20227576545855     2.265360883490297
2176.4     947.3329810208603     6.518328678426769     1.7595805743398574
2176.4     947.3329810208603     7.8053580620691845     1.3811798052162987
2176.4     947.3329810208603     8.651157991302865     1.249483182781883
2176.4     947.3329810208603     9.488994147459492     1.1342380009983808
2176.4     947.3329810208603     10.733226606478896     1.034749636236687
2176.4     947.3329810208603     11.964892613814317     0.854673168491753
2176.4     947.3329810208603     12.78006750045595     0.806489005089073
2176.4     947.3329810208603     13.591067052787979     0.7657611454765823
2176.4     947.3329810208603     14.800600310842892     0.6951949075137269
2176.4     947.3329810208603     16.242367416341924     0.6032665531246124
2176.4     947.3329810208603     17.595621324880657     0.5693513954771985
2176.4     947.3329810208603     18.78370524674272     0.49953648365975944
2176.4     947.3329810208603     19.572953732860405     0.49455658079841536
2176.4     947.3329810208603     20.75297677094139     0.4701445899658162
3917.5     1705.19066033322     0.36333494983678954     94.49260354981037
3917.5     1705.19066033322     0.511651684935519     64.1171386058363
3917.5     1705.19066033322     0.7795023186320081     37.85295291880196
3917.5     1705.19066033322     1.0247914415145798     27.638318807610485
3917.5     1705.19066033322     1.1419468114581495     23.942624370469126
3917.5     1705.19066033322     1.368386809288718     19.452576001891728
3917.5     1705.19066033322     2.4106846856699784     9.65161722577784
3917.5     1705.19066033322     3.8434065858833364     5.533346165029471
3917.5     1705.19066033322     5.20227576545855     3.8575674101055366
3917.5     1705.19066033322     6.518328678426769     2.942956362119432
3917.5     1705.19066033322     7.8053580620691845     2.369352491910863
3917.5     1705.19066033322     8.651157991302865     2.1782734235516235
3917.5     1705.19066033322     9.488994147459492     1.8002114619286327
3917.5     1705.19066033322     10.733226606478896     1.6664587004650926
3917.5     1705.19066033322     11.964892613814317     1.4821476507112759
3917.5     1705.19066033322     12.78006750045595     1.3826843933284068
3917.5     1705.19066033322     13.591067052787979     1.286536103607018
3917.5     1705.19066033322     14.800600310842892     1.166437363499822
3917.5     1705.19066033322     16.242367416341924     1.0678753647827168
3917.5     1705.19066033322     17.595621324880657     0.9673725124685455
3917.5     1705.19066033322     18.78370524674272     0.900520611194091
3917.5     1705.19066033322     19.572953732860405     0.8334235634637652
3917.5     1705.19066033322     20.75297677094139     0.8295752975107973
5658.6     2463.04833964558     0.36333494983678954     133.7246771389059
5658.6     2463.04833964558     0.511651684935519     86.14842681292555
5658.6     2463.04833964558     0.7795023186320081     52.179968675321895
5658.6     2463.04833964558     1.0247914415145798     36.77939612729699
5658.6     2463.04833964558     1.1419468114581495     31.14935106360238
5658.6     2463.04833964558     1.368386809288718     26.399085194927476
5658.6     2463.04833964558     2.4106846856699784     12.95500860729113
5658.6     2463.04833964558     3.8434065858833364     7.232119642113874
5658.6     2463.04833964558     5.20227576545855     5.1880263337539825
5658.6     2463.04833964558     6.518328678426769     3.988072934817985
5658.6     2463.04833964558     7.8053580620691845     3.232475789876397
5658.6     2463.04833964558     8.651157991302865     2.8111785242694407
5658.6     2463.04833964558     9.488994147459492     2.5270171030584634
5658.6     2463.04833964558     10.733226606478896     2.2583306539762145
5658.6     2463.04833964558     11.964892613814317     1.9970858188301646
5658.6     2463.04833964558     12.78006750045595     1.8735765649188336
5658.6     2463.04833964558     13.591067052787979     1.7377275532669938
5658.6     2463.04833964558     14.800600310842892     1.5189935671367758
5658.6     2463.04833964558     16.242367416341924     1.3805112024668191
5658.6     2463.04833964558     17.595621324880657     1.3162789908401173
5658.6     2463.04833964558     18.78370524674272     1.1904219344929197
5658.6     2463.04833964558     19.572953732860405     1.1456347076103217
5658.6     2463.04833964558     20.75297677094139     1.0968585695098327
8705.5     3789.288396561799     0.36333494983678954     182.18200761854956
8705.5     3789.288396561799     0.511651684935519     120.47340166234305
8705.5     3789.288396561799     0.7795023186320081     72.08823395578982
8705.5     3789.288396561799     1.0247914415145798     50.751579408956644
8705.5     3789.288396561799     1.1419468114581495     46.211858338133474
8705.5     3789.288396561799     1.368386809288718     36.473514667255884
8705.5     3789.288396561799     2.4106846856699784     18.085554958003097
8705.5     3789.288396561799     3.8434065858833364     10.267221676084722
8705.5     3789.288396561799     5.20227576545855     7.316142916027289
8705.5     3789.288396561799     6.518328678426769     5.808042172726183
8705.5     3789.288396561799     7.8053580620691845     4.518472380755931
8705.5     3789.288396561799     8.651157991302865     4.167081328447075
8705.5     3789.288396561799     9.488994147459492     3.64193890128018
8705.5     3789.288396561799     10.733226606478896     3.2276389131993817
8705.5     3789.288396561799     11.964892613814317     2.8158523933994477
8705.5     3789.288396561799     12.78006750045595     2.5531338386997846
8705.5     3789.288396561799     13.591067052787979     2.4243193116044415
8705.5     3789.288396561799     14.800600310842892     2.2596092670005192
8705.5     3789.288396561799     16.242367416341924     1.9927872959903448
8705.5     3789.288396561799     17.595621324880657     1.879990729351913
8705.5     3789.288396561799     18.78370524674272     1.7081187052288416
8705.5     3789.288396561799     19.572953732860405     1.6404273801429945
8705.5     3789.288396561799     20.75297677094139     1.5266327368997978
21764.0     9473.329810208603     0.36333494983678954     385.4899807753168
21764.0     9473.329810208603     0.511651684935519     257.904054816137
21764.0     9473.329810208603     0.7795023186320081     152.88338088181862
21764.0     9473.329810208603     1.0247914415145798     108.30007500479415
21764.0     9473.329810208603     1.1419468114581495     94.34708561872725
21764.0     9473.329810208603     1.368386809288718     74.01897669567381
21764.0     9473.329810208603     2.4106846856699784     38.44909237960546
21764.0     9473.329810208603     3.8434065858833364     22.12374712498753
21764.0     9473.329810208603     5.20227576545855     15.258026069100094
21764.0     9473.329810208603     6.518328678426769     11.986048478081543
21764.0     9473.329810208603     7.8053580620691845     9.58645315248759
21764.0     9473.329810208603     8.651157991302865     8.71079251559333
21764.0     9473.329810208603     9.488994147459492     7.793954611904006
21764.0     9473.329810208603     10.733226606478896     6.561447462448949
21764.0     9473.329810208603     11.964892613814317     5.835338796753334
21764.0     9473.329810208603     12.78006750045595     5.593420518773208
21764.0     9473.329810208603     13.591067052787979     5.2775665029518946
21764.0     9473.329810208603     14.800600310842892     4.774997685024348
21764.0     9473.329810208603     16.242367416341924     4.241069291027159
21764.0     9473.329810208603     17.595621324880657     3.821096285035841
21764.0     9473.329810208603     18.78370524674272     3.439557806326692
21764.0     9473.329810208603     19.572953732860405     3.454082611201388
21764.0     9473.329810208603     20.75297677094139     3.1854882543124985
34822.0     15157.153586247196     0.36333494983678954     584.7362580328007
34822.0     15157.153586247196     0.511651684935519     382.32740708091427
34822.0     15157.153586247196     0.7795023186320081     222.15440978220545
34822.0     15157.153586247196     1.0247914415145798     157.83020727551929
34822.0     15157.153586247196     1.1419468114581495     143.9943149591884
34822.0     15157.153586247196     1.368386809288718     110.75039854421428
34822.0     15157.153586247196     2.4106846856699784     56.13599815856634
34822.0     15157.153586247196     3.8434065858833364     33.8016690642574
34822.0     15157.153586247196     5.20227576545855     22.453672498311395
34822.0     15157.153586247196     6.518328678426769     16.71268501729041
34822.0     15157.153586247196     7.8053580620691845     14.14016043552759
34822.0     15157.153586247196     8.651157991302865     12.72089861991752
34822.0     15157.153586247196     9.488994147459492     11.49582691112728
34822.0     15157.153586247196     10.733226606478896     10.038355106377068
34822.0     15157.153586247196     11.964892613814317     8.865696275636797
34822.0     15157.153586247196     12.78006750045595     8.270788670851985
34822.0     15157.153586247196     13.591067052787979     7.603729989180588
34822.0     15157.153586247196     14.800600310842892     6.766879239428326
34822.0     15157.153586247196     16.242367416341924     6.330585799333248
34822.0     15157.153586247196     17.595621324880657     5.604530413549169
34822.0     15157.153586247196     18.78370524674272     5.295507055935896
34822.0     15157.153586247196     19.572953732860405     5.166436717130253
34822.0     15157.153586247196     20.75297677094139     4.740322937378716
39175.0     17051.9066033322     0.36333494983678954     610.1643284325485
39175.0     17051.9066033322     0.511651684935519     403.848136228563
39175.0     17051.9066033322     0.7795023186320081     243.50690958057285
39175.0     17051.9066033322     1.0247914415145798     180.18781698572718
39175.0     17051.9066033322     1.1419468114581495     156.1655262184309
39175.0     17051.9066033322     1.368386809288718     119.27910547448008
39175.0     17051.9066033322     2.4106846856699784     62.31824498429538
39175.0     17051.9066033322     3.8434065858833364     36.150085675213546
39175.0     17051.9066033322     5.20227576545855     24.80155750650008
39175.0     17051.9066033322     6.518328678426769     19.331344491571343
39175.0     17051.9066033322     7.8053580620691845     15.536432582238586
39175.0     17051.9066033322     8.651157991302865     13.84483933807094
39175.0     17051.9066033322     9.488994147459492     12.115461783682141
39175.0     17051.9066033322     10.733226606478896     10.517881117422942
39175.0     17051.9066033322     11.964892613814317     9.757458954004765
39175.0     17051.9066033322     12.78006750045595     8.553560436162888
39175.0     17051.9066033322     13.591067052787979     8.380333531982131
39175.0     17051.9066033322     14.800600310842892     7.436827864941911
39175.0     17051.9066033322     16.242367416341924     6.837329812176628
39175.0     17051.9066033322     17.595621324880657     6.434421363196861
39175.0     17051.9066033322     18.78370524674272     5.651230091909435
39175.0     17051.9066033322     19.572953732860405     5.684388768701785
39175.0     17051.9066033322     20.75297677094139     5.23729440617176
87055.0     37892.88396561799     0.36333494983678954     1165.6153582611378
87055.0     37892.88396561799     0.511651684935519     798.8098606894082
87055.0     37892.88396561799     0.7795023186320081     460.7123019497556
87055.0     37892.88396561799     1.0247914415145798     336.6019576418598
87055.0     37892.88396561799     1.1419468114581495     289.2410707148216
87055.0     37892.88396561799     1.368386809288718     236.0617911475096
87055.0     37892.88396561799     2.4106846856699784     118.92772964420448
87055.0     37892.88396561799     3.8434065858833364     68.87409432587279
87055.0     37892.88396561799     5.20227576545855     47.90978566651743
87055.0     37892.88396561799     6.518328678426769     36.474280611211924
87055.0     37892.88396561799     7.8053580620691845     29.830483765752042
87055.0     37892.88396561799     8.651157991302865     26.595333307803717
87055.0     37892.88396561799     9.488994147459492     23.64024307223613
87055.0     37892.88396561799     10.733226606478896     20.12574455190827
87055.0     37892.88396561799     11.964892613814317     18.007789666893245
87055.0     37892.88396561799     12.78006750045595     17.08457635620792
87055.0     37892.88396561799     13.591067052787979     16.077917171299084
87055.0     37892.88396561799     14.800600310842892     14.013563816766162
87055.0     37892.88396561799     16.242367416341924     12.94319406912673
87055.0     37892.88396561799     17.595621324880657     12.620769812892977
87055.0     37892.88396561799     18.78370524674272     11.16340507405198
87055.0     37892.88396561799     19.572953732860405     11.068217737746489
87055.0     37892.88396561799     20.75297677094139     9.72135252849155
174110.0     75785.76793123598     0.36333494983678954     2053.5074101823766
174110.0     75785.76793123598     0.511651684935519     1359.1355720251945
174110.0     75785.76793123598     0.7795023186320081     811.0546350665245
174110.0     75785.76793123598     1.0247914415145798     595.7389955964761
174110.0     75785.76793123598     1.1419468114581495     502.66116207614095
174110.0     75785.76793123598     1.368386809288718     410.6787578605496
174110.0     75785.76793123598     2.4106846856699784     205.14676414620453
174110.0     75785.76793123598     3.8434065858833364     119.15779936314485
174110.0     75785.76793123598     5.20227576545855     80.10989152772933
174110.0     75785.76793123598     6.518328678426769     63.394654869192856
174110.0     75785.76793123598     7.8053580620691845     52.390049839030176
174110.0     75785.76793123598     8.651157991302865     44.168484047451464
174110.0     75785.76793123598     9.488994147459492     41.2792235470046
174110.0     75785.76793123598     10.733226606478896     35.895654459088696
174110.0     75785.76793123598     11.964892613814317     31.767797240054527
174110.0     75785.76793123598     12.78006750045595     29.235468210404672
174110.0     75785.76793123598     13.591067052787979     27.475989621378908
174110.0     75785.76793123598     14.800600310842892     24.364157188715346
174110.0     75785.76793123598     16.242367416341924     22.546416610284624
174110.0     75785.76793123598     17.595621324880657     20.406733410690073
174110.0     75785.76793123598     18.78370524674272     18.28225995967488
174110.0     75785.76793123598     19.572953732860405     17.67439190341019
174110.0     75785.76793123598     20.75297677094139     17.10455524197944
348220.0     151571.53586247197     0.36333494983678954     3423.529426946461
348220.0     151571.53586247197     0.511651684935519     2306.96542157329
348220.0     151571.53586247197     0.7795023186320081     1339.3087497434153
348220.0     151571.53586247197     1.0247914415145798     999.7482346614343
348220.0     151571.53586247197     1.1419468114581495     868.8219074227285
348220.0     151571.53586247197     1.368386809288718     676.2743925034449
348220.0     151571.53586247197     2.4106846856699784     345.2818947338525
348220.0     151571.53586247197     3.8434065858833364     205.25677885029955
348220.0     151571.53586247197     5.20227576545855     135.55889668058293
348220.0     151571.53586247197     6.518328678426769     104.27914636993765
348220.0     151571.53586247197     7.8053580620691845     83.64762870858482
348220.0     151571.53586247197     8.651157991302865     77.08800437799442
348220.0     151571.53586247197     9.488994147459492     69.61051711298865
348220.0     151571.53586247197     10.733226606478896     60.152802787213716
348220.0     151571.53586247197     11.964892613814317     53.32551669219027
348220.0     151571.53586247197     12.78006750045595     49.56918838033142
348220.0     151571.53586247197     13.591067052787979     45.92156235571276
348220.0     151571.53586247197     14.800600310842892     40.74651112089491
348220.0     151571.53586247197     16.242367416341924     37.06493243570669
348220.0     151571.53586247197     17.595621324880657     34.76064390802532
348220.0     151571.53586247197     18.78370524674272     31.852520364175447
348220.0     151571.53586247197     19.572953732860405     29.41089409563402
348220.0     151571.53586247197     20.75297677094139     29.58736192252298
870550.0     378928.8396561799     0.36333494983678954     6822.77395696341
870550.0     378928.8396561799     0.511651684935519     4681.343804128612
870550.0     378928.8396561799     0.7795023186320081     2751.0067931672074
870550.0     378928.8396561799     1.0247914415145798     1980.2408352984908
870550.0     378928.8396561799     1.1419468114581495     1776.8368643565577
870550.0     378928.8396561799     1.368386809288718     1403.848349307801
870550.0     378928.8396561799     2.4106846856699784     672.8116200871766
870550.0     378928.8396561799     3.8434065858833364     384.41959573690065
870550.0     378928.8396561799     5.20227576545855     272.88123322799225
870550.0     378928.8396561799     6.518328678426769     212.21816660354943
870550.0     378928.8396561799     7.8053580620691845     174.62893428132443
870550.0     378928.8396561799     8.651157991302865     156.42212630892436
870550.0     378928.8396561799     9.488994147459492     134.4321372094494
870550.0     378928.8396561799     10.733226606478896     121.11324293871715
870550.0     378928.8396561799     11.964892613814317     107.61165946325477
870550.0     378928.8396561799     12.78006750045595     100.00003790527589
870550.0     378928.8396561799     13.591067052787979     91.96151380289848
870550.0     378928.8396561799     14.800600310842892     82.65592807725113
870550.0     378928.8396561799     16.242367416341924     74.39619692421269
870550.0     378928.8396561799     17.595621324880657     70.15474143622839
870550.0     378928.8396561799     18.78370524674272     64.63809882444289
870550.0     378928.8396561799     19.572953732860405     60.424221954343054
870550.0     378928.8396561799     20.75297677094139     56.7664225855052
1262300.0     549447.9056895019     0.36333494983678954     9179.170295564902
1262300.0     549447.9056895019     0.511651684935519     6320.502395930053
1262300.0     549447.9056895019     0.7795023186320081     3776.039164465684
1262300.0     549447.9056895019     1.0247914415145798     2624.496720293628
1262300.0     549447.9056895019     1.1419468114581495     2323.5127814687735
1262300.0     549447.9056895019     1.368386809288718     1879.672324853765
1262300.0     549447.9056895019     2.4106846856699784     940.3221238576747
1262300.0     549447.9056895019     3.8434065858833364     527.4827000312837
1262300.0     549447.9056895019     5.20227576545855     370.73027951421324
1262300.0     549447.9056895019     6.518328678426769     290.5056402327564
1262300.0     549447.9056895019     7.8053580620691845     230.93653873315438
1262300.0     549447.9056895019     8.651157991302865     207.01018080780472
1262300.0     549447.9056895019     9.488994147459492     184.0664946549231
1262300.0     549447.9056895019     10.733226606478896     165.58392731180732
1262300.0     549447.9056895019     11.964892613814317     144.7773081187106
1262300.0     549447.9056895019     12.78006750045595     133.68319047104364
1262300.0     549447.9056895019     13.591067052787979     125.95980144895071
1262300.0     549447.9056895019     14.800600310842892     112.82814182763124
1262300.0     549447.9056895019     16.242367416341924     99.34903842037716
1262300.0     549447.9056895019     17.595621324880657     91.26914431180745
1262300.0     549447.9056895019     18.78370524674272     87.22381002115515
1262300.0     549447.9056895019     19.572953732860405     84.58322470300205
1262300.0     549447.9056895019     20.75297677094139     77.9492725737363
3482200.0     1515715.3586247195     0.36333494983678954     20870.639050465586
3482200.0     1515715.3586247195     0.511651684935519     13644.84803553932
3482200.0     1515715.3586247195     0.7795023186320081     8159.087358366956
3482200.0     1515715.3586247195     1.0247914415145798     5687.592663565923
3482200.0     1515715.3586247195     1.1419468114581495     5046.935163689493
3482200.0     1515715.3586247195     1.368386809288718     4084.6996727198125
3482200.0     1515715.3586247195     2.4106846856699784     2059.810634302142
3482200.0     1515715.3586247195     3.8434065858833364     1143.2825556621856
3482200.0     1515715.3586247195     5.20227576545855     806.1476670371505
3482200.0     1515715.3586247195     6.518328678426769     626.8145072456298
3482200.0     1515715.3586247195     7.8053580620691845     512.1127279320734
3482200.0     1515715.3586247195     8.651157991302865     465.63140978363583
3482200.0     1515715.3586247195     9.488994147459492     404.2749420668146
3482200.0     1515715.3586247195     10.733226606478896     351.23688574922386
3482200.0     1515715.3586247195     11.964892613814317     312.86187711025286
3482200.0     1515715.3586247195     12.78006750045595     295.80147281990696
3482200.0     1515715.3586247195     13.591067052787979     274.2345077282895
3482200.0     1515715.3586247195     14.800600310842892     241.36030080330045
3482200.0     1515715.3586247195     16.242367416341924     222.51537468506896
3482200.0     1515715.3586247195     17.595621324880657     199.43090444067556
3482200.0     1515715.3586247195     18.78370524674272     190.24510191016293
3482200.0     1515715.3586247195     19.572953732860405     184.86914277550915
3482200.0     1515715.3586247195     20.75297677094139     169.2426423651405
8270200.0     3599813.0948532983     0.36333494983678954     11882.451260421643
8270200.0     3599813.0948532983     0.511651684935519     8248.227026739885
8270200.0     3599813.0948532983     0.7795023186320081     4932.4827996768245
8270200.0     3599813.0948532983     1.0247914415145798     3491.279915919107
8270200.0     3599813.0948532983     1.1419468114581495     2988.0583934959786
8270200.0     3599813.0948532983     1.368386809288718     2404.8694105312325
8270200.0     3599813.0948532983     2.4106846856699784     1239.5876378064486
8270200.0     3599813.0948532983     3.8434065858833364     689.1884217659973
8270200.0     3599813.0948532983     5.20227576545855     490.2692910909246
8270200.0     3599813.0948532983     6.518328678426769     380.83390316567863
8270200.0     3599813.0948532983     7.8053580620691845     306.25015843911945
8270200.0     3599813.0948532983     8.651157991302865     269.64888574877153
8270200.0     3599813.0948532983     9.488994147459492     249.21039775488958
8270200.0     3599813.0948532983     10.733226606478896     211.18900082607166
8270200.0     3599813.0948532983     11.964892613814317     186.57099116157576
8270200.0     3599813.0948532983     12.78006750045595     183.84448470175292
8270200.0     3599813.0948532983     13.591067052787979     162.45337374881373
8270200.0     3599813.0948532983     14.800600310842892     149.35199330060718
8270200.0     3599813.0948532983     16.242367416341924     133.2643137166695
8270200.0     3599813.0948532983     17.595621324880657     120.40270309545382
8270200.0     3599813.0948532983     18.78370524674272     113.14359023068104
8270200.0     3599813.0948532983     19.572953732860405     107.78192884907338
8270200.0     3599813.0948532983     20.75297677094139     100.75182247581392
8705500.0     3789288.396561799     0.36333494983678954     11833.631379746923
8705500.0     3789288.396561799     0.511651684935519     7966.837322649109
8705500.0     3789288.396561799     0.7795023186320081     4708.153524297541
8705500.0     3789288.396561799     1.0247914415145798     3381.8653903316344
8705500.0     3789288.396561799     1.1419468114581495     2990.2118134369725
8705500.0     3789288.396561799     1.368386809288718     2375.1775585106525
8705500.0     3789288.396561799     2.4106846856699784     1153.1201215557014
8705500.0     3789288.396561799     3.8434065858833364     668.6444044430201
8705500.0     3789288.396561799     5.20227576545855     475.9515054190628
8705500.0     3789288.396561799     6.518328678426769     362.6088273174619
8705500.0     3789288.396561799     7.8053580620691845     295.1618121753329
8705500.0     3789288.396561799     8.651157991302865     257.3223234797524
8705500.0     3789288.396561799     9.488994147459492     234.1224919340745
8705500.0     3789288.396561799     10.733226606478896     207.42266228801668
8705500.0     3789288.396561799     11.964892613814317     181.49612588170356
8705500.0     3789288.396561799     12.78006750045595     162.4295790157303
8705500.0     3789288.396561799     13.591067052787979     157.8208525058201
8705500.0     3789288.396561799     14.800600310842892     144.62561078482395
8705500.0     3789288.396561799     16.242367416341924     130.9278979761691
8705500.0     3789288.396561799     17.595621324880657     120.38469947559786
8705500.0     3789288.396561799     18.78370524674272     112.95487727890982
8705500.0     3789288.396561799     19.572953732860405     106.30113264241339
8705500.0     3789288.396561799     20.75297677094139     95.19942377412136
13058000.0     5683823.776038593     0.36333494983678954     9614.988905673727
13058000.0     5683823.776038593     0.511651684935519     6291.231498336785
13058000.0     5683823.776038593     0.7795023186320081     3949.93278212294
13058000.0     5683823.776038593     1.0247914415145798     2819.3785291883887
13058000.0     5683823.776038593     1.1419468114581495     2412.692572976027
13058000.0     5683823.776038593     1.368386809288718     1927.5236970928495
13058000.0     5683823.776038593     2.4106846856699784     982.9307427124572
13058000.0     5683823.776038593     3.8434065858833364     570.3562820439088
13058000.0     5683823.776038593     5.20227576545855     385.1503948687247
13058000.0     5683823.776038593     6.518328678426769     300.71740783398894
13058000.0     5683823.776038593     7.8053580620691845     241.10520483231812
13058000.0     5683823.776038593     8.651157991302865     215.8339199874771
13058000.0     5683823.776038593     9.488994147459492     195.03835072666766
13058000.0     5683823.776038593     10.733226606478896     172.06378783693287
13058000.0     5683823.776038593     11.964892613814317     149.87963879888264
13058000.0     5683823.776038593     12.78006750045595     138.89625707257923
13058000.0     5683823.776038593     13.591067052787979     131.56520329880374
13058000.0     5683823.776038593     14.800600310842892     120.70362912008046
13058000.0     5683823.776038593     16.242367416341924     109.6855073300577
13058000.0     5683823.776038593     17.595621324880657     95.30286474381128
13058000.0     5683823.776038593     18.78370524674272     93.61834276087168
13058000.0     5683823.776038593     19.572953732860405     89.9540013743078
13058000.0     5683823.776038593     20.75297677094139     80.77629870742375
21764000.0     9473329.810208602     0.36333494983678954     8138.252080033246
21764000.0     9473329.810208602     0.511651684935519     5694.990743300955
21764000.0     9473329.810208602     0.7795023186320081     3335.320980647825
21764000.0     9473329.810208602     1.0247914415145798     2391.4405488637617
21764000.0     9473329.810208602     1.1419468114581495     2090.284734603105
21764000.0     9473329.810208602     1.368386809288718     1685.6512119592862
21764000.0     9473329.810208602     2.4106846856699784     836.2856380435694
21764000.0     9473329.810208602     3.8434065858833364     478.95979466923905
21764000.0     9473329.810208602     5.20227576545855     335.86296068908524
21764000.0     9473329.810208602     6.518328678426769     250.14481808850175
21764000.0     9473329.810208602     7.8053580620691845     211.85075204739124
21764000.0     9473329.810208602     8.651157991302865     184.36421872433078
21764000.0     9473329.810208602     9.488994147459492     170.83072267948083
21764000.0     9473329.810208602     10.733226606478896     143.5704246794304
21764000.0     9473329.810208602     11.964892613814317     129.5253151221906
21764000.0     9473329.810208602     12.78006750045595     122.17831763343875
21764000.0     9473329.810208602     13.591067052787979     107.06401517096388
21764000.0     9473329.810208602     14.800600310842892     101.25365352581167
21764000.0     9473329.810208602     16.242367416341924     88.98628665506946
21764000.0     9473329.810208602     17.595621324880657     83.3545264674032
21764000.0     9473329.810208602     18.78370524674272     78.87969956073593
21764000.0     9473329.810208602     19.572953732860405     72.7338437984939
21764000.0     9473329.810208602     20.75297677094139     69.1034410477687
30469000.0     13262400.56916219     0.36333494983678954     7600.869388527315
30469000.0     13262400.56916219     0.511651684935519     5145.659012824561
30469000.0     13262400.56916219     0.7795023186320081     2920.479561483163
30469000.0     13262400.56916219     1.0247914415145798     2209.1096863220478
30469000.0     13262400.56916219     1.1419468114581495     1854.4390240867015
30469000.0     13262400.56916219     1.368386809288718     1546.3202282622583
30469000.0     13262400.56916219     2.4106846856699784     769.0121653968474
30469000.0     13262400.56916219     3.8434065858833364     443.8558076814275
30469000.0     13262400.56916219     5.20227576545855     300.07458492316704
30469000.0     13262400.56916219     6.518328678426769     235.3439540218555
30469000.0     13262400.56916219     7.8053580620691845     187.89404009239934
30469000.0     13262400.56916219     8.651157991302865     171.42243035579207
30469000.0     13262400.56916219     9.488994147459492     149.1045997369833
30469000.0     13262400.56916219     10.733226606478896     130.75384187369463
30469000.0     13262400.56916219     11.964892613814317     119.25502176577152
30469000.0     13262400.56916219     12.78006750045595     112.11985745987036
30469000.0     13262400.56916219     13.591067052787979     98.56360576524565
30469000.0     13262400.56916219     14.800600310842892     93.95149868006442
30469000.0     13262400.56916219     16.242367416341924     83.38636304141265
30469000.0     13262400.56916219     17.595621324880657     75.01194389243486
30469000.0     13262400.56916219     18.78370524674272     68.88227055964187
30469000.0     13262400.56916219     19.572953732860405     68.34041521929768
30469000.0     13262400.56916219     20.75297677094139     63.18705655325607
39175000.0     17051906.6033322     0.36333494983678954     6886.651198337064
39175000.0     17051906.6033322     0.511651684935519     4620.6068488442925
39175000.0     17051906.6033322     0.7795023186320081     2732.948215532352
39175000.0     17051906.6033322     1.0247914415145798     1973.0829645497547
39175000.0     17051906.6033322     1.1419468114581495     1715.1924648742197
39175000.0     17051906.6033322     1.368386809288718     1378.6482228337368
39175000.0     17051906.6033322     2.4106846856699784     667.5896623718334
39175000.0     17051906.6033322     3.8434065858833364     389.75353120246274
39175000.0     17051906.6033322     5.20227576545855     275.9077937310709
39175000.0     17051906.6033322     6.518328678426769     210.86845579730635
39175000.0     17051906.6033322     7.8053580620691845     171.97980742091514
39175000.0     17051906.6033322     8.651157991302865     157.17022229987313
39175000.0     17051906.6033322     9.488994147459492     139.9207592834551
39175000.0     17051906.6033322     10.733226606478896     122.14463708757188
39175000.0     17051906.6033322     11.964892613814317     106.15612052008012
39175000.0     17051906.6033322     12.78006750045595     96.05071656381887
39175000.0     17051906.6033322     13.591067052787979     92.15029472507665
39175000.0     17051906.6033322     14.800600310842892     83.80756908199793
39175000.0     17051906.6033322     16.242367416341924     74.87261229876606
39175000.0     17051906.6033322     17.595621324880657     69.95509428821252
39175000.0     17051906.6033322     18.78370524674272     64.29658054428864
39175000.0     17051906.6033322     19.572953732860405     61.80096435635972
39175000.0     17051906.6033322     20.75297677094139     56.524375881699086
55715000.0     24251358.68295223     0.36333494983678954     5466.266634641297
55715000.0     24251358.68295223     0.511651684935519     3779.3160088125624
55715000.0     24251358.68295223     0.7795023186320081     2194.682009426284
55715000.0     24251358.68295223     1.0247914415145798     1592.9443520195096
55715000.0     24251358.68295223     1.1419468114581495     1390.7076598077601
55715000.0     24251358.68295223     1.368386809288718     1082.982923665426
55715000.0     24251358.68295223     2.4106846856699784     554.5213737635052
55715000.0     24251358.68295223     3.8434065858833364     320.8839221027396
55715000.0     24251358.68295223     5.20227576545855     221.836771749817
55715000.0     24251358.68295223     6.518328678426769     174.09755927976326
55715000.0     24251358.68295223     7.8053580620691845     138.8688945547015
55715000.0     24251358.68295223     8.651157991302865     123.77075421246765
55715000.0     24251358.68295223     9.488994147459492     108.83917150197053
55715000.0     24251358.68295223     10.733226606478896     95.76869912106666
55715000.0     24251358.68295223     11.964892613814317     85.21488518971339
55715000.0     24251358.68295223     12.78006750045595     81.48605744739169
55715000.0     24251358.68295223     13.591067052787979     74.35974201875095
55715000.0     24251358.68295223     14.800600310842892     68.01553692967298
55715000.0     24251358.68295223     16.242367416341924     59.221111302325454
55715000.0     24251358.68295223     17.595621324880657     55.95731050170441
55715000.0     24251358.68295223     18.78370524674272     51.21996072574257
55715000.0     24251358.68295223     19.572953732860405     48.57115943124933
55715000.0     24251358.68295223     20.75297677094139     46.51730870222911
87055000.0     37892883.96561799     0.36333494983678954     3802.6378311154067
87055000.0     37892883.96561799     0.511651684935519     2428.646398853205
87055000.0     37892883.96561799     0.7795023186320081     1518.5000117194638
87055000.0     37892883.96561799     1.0247914415145798     1075.827697154312
87055000.0     37892883.96561799     1.1419468114581495     931.2735548148238
87055000.0     37892883.96561799     1.368386809288718     742.5045503633837
87055000.0     37892883.96561799     2.4106846856699784     366.1945764961458
87055000.0     37892883.96561799     3.8434065858833364     212.79171424054923
87055000.0     37892883.96561799     5.20227576545855     146.36116311954908
87055000.0     37892883.96561799     6.518328678426769     109.06875111417243
87055000.0     37892883.96561799     7.8053580620691845     92.15601677498046
87055000.0     37892883.96561799     8.651157991302865     80.12692335238805
87055000.0     37892883.96561799     9.488994147459492     72.66441838403617
87055000.0     37892883.96561799     10.733226606478896     64.95327699548612
87055000.0     37892883.96561799     11.964892613814317     57.640730171787645
87055000.0     37892883.96561799     12.78006750045595     52.6264368310942
87055000.0     37892883.96561799     13.591067052787979     49.59747128658921
87055000.0     37892883.96561799     14.800600310842892     43.66319144767759
87055000.0     37892883.96561799     16.242367416341924     39.82246408697809
87055000.0     37892883.96561799     17.595621324880657     37.508800218742934
87055000.0     37892883.96561799     18.78370524674272     34.15648748629522
87055000.0     37892883.96561799     19.572953732860405     31.752785992034298
87055000.0     37892883.96561799     20.75297677094139     30.2410465998541
217640000.0     94733298.10208602     0.36333494983678954     1158.4036618046703
217640000.0     94733298.10208602     0.511651684935519     833.7878247418223
217640000.0     94733298.10208602     0.7795023186320081     467.7748534858498
217640000.0     94733298.10208602     1.0247914415145798     328.73525319186854
217640000.0     94733298.10208602     1.1419468114581495     295.1162690679372
217640000.0     94733298.10208602     1.368386809288718     244.39401098654196
217640000.0     94733298.10208602     2.4106846856699784     117.41449720452715
217640000.0     94733298.10208602     3.8434065858833364     66.31456074879155
217640000.0     94733298.10208602     5.20227576545855     47.87099990550635
217640000.0     94733298.10208602     6.518328678426769     35.395018256803205
217640000.0     94733298.10208602     7.8053580620691845     29.928166990135225
217640000.0     94733298.10208602     8.651157991302865     26.885354811036812
217640000.0     94733298.10208602     9.488994147459492     24.599228396664024
217640000.0     94733298.10208602     10.733226606478896     20.369036396061567
217640000.0     94733298.10208602     11.964892613814317     18.33787222332043
217640000.0     94733298.10208602     12.78006750045595     17.294364980236203
217640000.0     94733298.10208602     13.591067052787979     15.692048064585881
217640000.0     94733298.10208602     14.800600310842892     14.532700556828821
217640000.0     94733298.10208602     16.242367416341924     12.888710370432234
217640000.0     94733298.10208602     17.595621324880657     11.924784792364552
217640000.0     94733298.10208602     18.78370524674272     11.395961134499354
217640000.0     94733298.10208602     19.572953732860405     10.689123063353183
217640000.0     94733298.10208602     20.75297677094139     10.056094828148076
391750000.0     170519066.033322     0.36333494983678954     513.617346703758
391750000.0     170519066.033322     0.511651684935519     344.7084363574992
391750000.0     170519066.033322     0.7795023186320081     203.91724765152506
391750000.0     170519066.033322     1.0247914415145798     148.51721567664384
391750000.0     170519066.033322     1.1419468114581495     125.66185134876764
391750000.0     170519066.033322     1.368386809288718     103.81159353228807
391750000.0     170519066.033322     2.4106846856699784     50.156170704218425
391750000.0     170519066.033322     3.8434065858833364     29.530085110615175
391750000.0     170519066.033322     5.20227576545855     20.68433029649535
391750000.0     170519066.033322     6.518328678426769     15.872555529992077
391750000.0     170519066.033322     7.8053580620691845     12.75417670188168
391750000.0     170519066.033322     8.651157991302865     11.19200137238132
391750000.0     170519066.033322     9.488994147459492     10.182947687709195
391750000.0     170519066.033322     10.733226606478896     8.825417473525988
391750000.0     170519066.033322     11.964892613814317     8.063372939558569
391750000.0     170519066.033322     12.78006750045595     7.442296074367206
391750000.0     170519066.033322     13.591067052787979     6.703702187147332
391750000.0     170519066.033322     14.800600310842892     6.223580821568601
391750000.0     170519066.033322     16.242367416341924     5.793866056237441
391750000.0     170519066.033322     17.595621324880657     5.047968629990571
391750000.0     170519066.033322     18.78370524674272     4.682545940277986
391750000.0     170519066.033322     19.572953732860405     4.493006141150536
391750000.0     170519066.033322     20.75297677094139     4.2108435289214885
435280000.0     189466596.20417204     0.36333494983678954     451.88375224225103
435280000.0     189466596.20417204     0.511651684935519     295.5642090394433
435280000.0     189466596.20417204     0.7795023186320081     174.78809351878368
435280000.0     189466596.20417204     1.0247914415145798     121.91297415331132
435280000.0     189466596.20417204     1.1419468114581495     105.92968908887222
435280000.0     189466596.20417204     1.368386809288718     88.7227357694236
435280000.0     189466596.20417204     2.4106846856699784     42.69752962823127
435280000.0     189466596.20417204     3.8434065858833364     25.29240893926926
435280000.0     189466596.20417204     5.20227576545855     17.364980605411763
435280000.0     189466596.20417204     6.518328678426769     13.219263906754922
435280000.0     189466596.20417204     7.8053580620691845     10.686999102621211
435280000.0     189466596.20417204     8.651157991302865     9.650780767678443
435280000.0     189466596.20417204     9.488994147459492     8.490459984450816
435280000.0     189466596.20417204     10.733226606478896     7.646458769753904
435280000.0     189466596.20417204     11.964892613814317     6.600342494869793
435280000.0     189466596.20417204     12.78006750045595     6.365181678880125
435280000.0     189466596.20417204     13.591067052787979     5.788363710474377
435280000.0     189466596.20417204     14.800600310842892     5.079648064685905
435280000.0     189466596.20417204     16.242367416341924     4.867556020524661
435280000.0     189466596.20417204     17.595621324880657     4.318267061558817
435280000.0     189466596.20417204     18.78370524674272     4.143768908905119
435280000.0     189466596.20417204     19.572953732860405     3.79845736851469
435280000.0     189466596.20417204     20.75297677094139     3.7016933557217877
652910000.0     284195541.55409384     0.36333494983678954     231.8007464171423
652910000.0     284195541.55409384     0.511651684935519     155.97493300995794
652910000.0     284195541.55409384     0.7795023186320081     95.22088924625672
652910000.0     284195541.55409384     1.0247914415145798     69.99503985892325
652910000.0     284195541.55409384     1.1419468114581495     56.800663631961214
652910000.0     284195541.55409384     1.368386809288718     48.68250734537718
652910000.0     284195541.55409384     2.4106846856699784     24.546921072733863
652910000.0     284195541.55409384     3.8434065858833364     13.542287385071464
652910000.0     284195541.55409384     5.20227576545855     9.61952518735217
652910000.0     284195541.55409384     6.518328678426769     7.298156522479586
652910000.0     284195541.55409384     7.8053580620691845     6.100863231752461
652910000.0     284195541.55409384     8.651157991302865     5.51254216528379
652910000.0     284195541.55409384     9.488994147459492     4.791144727673499
652910000.0     284195541.55409384     10.733226606478896     4.058440994614409
652910000.0     284195541.55409384     11.964892613814317     3.7165133089362348
652910000.0     284195541.55409384     12.78006750045595     3.3490271816658095
652910000.0     284195541.55409384     13.591067052787979     3.1856597573203214
652910000.0     284195541.55409384     14.800600310842892     2.894508480160704
652910000.0     284195541.55409384     16.242367416341924     2.727257985166319
652910000.0     284195541.55409384     17.595621324880657     2.3422149457692445
652910000.0     284195541.55409384     18.78370524674272     2.243384910348506
652910000.0     284195541.55409384     19.572953732860405     2.059333552418514
652910000.0     284195541.55409384     20.75297677094139     2.014898050279206
1305800000.0     568382377.6038593     0.36333494983678954     80.86892301153557
1305800000.0     568382377.6038593     0.511651684935519     54.50785774450085
1305800000.0     568382377.6038593     0.7795023186320081     31.755583459956988
1305800000.0     568382377.6038593     1.0247914415145798     22.957842606222357
1305800000.0     568382377.6038593     1.1419468114581495     19.946930018986883
1305800000.0     568382377.6038593     1.368386809288718     15.926877943238114
1305800000.0     568382377.6038593     2.4106846856699784     7.938827857510233
1305800000.0     568382377.6038593     3.8434065858833364     4.57314545561599
1305800000.0     568382377.6038593     5.20227576545855     3.0817466294712723
1305800000.0     568382377.6038593     6.518328678426769     2.54334526559966
1305800000.0     568382377.6038593     7.8053580620691845     2.017660415055585
1305800000.0     568382377.6038593     8.651157991302865     1.8165194592099225
1305800000.0     568382377.6038593     9.488994147459492     1.568225962918487
1305800000.0     568382377.6038593     10.733226606478896     1.397431095742033
1305800000.0     568382377.6038593     11.964892613814317     1.2531208351491263
1305800000.0     568382377.6038593     12.78006750045595     1.1671406023498858
1305800000.0     568382377.6038593     13.591067052787979     1.1038128568187826
1305800000.0     568382377.6038593     14.800600310842892     1.0042901589886548
1305800000.0     568382377.6038593     16.242367416341924     0.8832910941124799
1305800000.0     568382377.6038593     17.595621324880657     0.7989151713601017
1305800000.0     568382377.6038593     18.78370524674272     0.7285275251740421
1305800000.0     568382377.6038593     19.572953732860405     0.7196263529570482
1305800000.0     568382377.6038593     20.75297677094139     0.6874079586870752
1741100000.0     757857679.3123598     0.36333494983678954     36.91300212955427
1741100000.0     757857679.3123598     0.511651684935519     23.371421798477655
1741100000.0     757857679.3123598     0.7795023186320081     14.144632671489699
1741100000.0     757857679.3123598     1.0247914415145798     10.13517285182903
1741100000.0     757857679.3123598     1.1419468114581495     8.947901259906097
1741100000.0     757857679.3123598     1.368386809288718     6.883941981247199
1741100000.0     757857679.3123598     2.4106846856699784     3.4925120468968425
1741100000.0     757857679.3123598     3.8434065858833364     2.0201501782094016
1741100000.0     757857679.3123598     5.20227576545855     1.4155249344865928
1741100000.0     757857679.3123598     6.518328678426769     1.0873710785313155
1741100000.0     757857679.3123598     7.8053580620691845     0.8682663403799947
1741100000.0     757857679.3123598     8.651157991302865     0.7892407280758861
1741100000.0     757857679.3123598     9.488994147459492     0.6987753343238137
1741100000.0     757857679.3123598     10.733226606478896     0.5998564943131743
1741100000.0     757857679.3123598     11.964892613814317     0.5520176865325441
1741100000.0     757857679.3123598     12.78006750045595     0.5008164219810356
1741100000.0     757857679.3123598     13.591067052787979     0.4821161280719328
1741100000.0     757857679.3123598     14.800600310842892     0.41739022260611836
1741100000.0     757857679.3123598     16.242367416341924     0.40700476385140194
1741100000.0     757857679.3123598     17.595621324880657     0.349595617660691
1741100000.0     757857679.3123598     18.78370524674272     0.33211178936297125
1741100000.0     757857679.3123598     19.572953732860405     0.31284046258985687
1741100000.0     757857679.3123598     20.75297677094139     0.29204632869667796
