event ID                           std SNR           med SNR                  median dL  
catalog_1_yrs.txt.58.50       5.891881581920971      17.76960592577916      102766.31775074263
catalog_1_yrs.txt.69.167      4.204981614229517      0.8529039590286207      208588.9923946889
catalog_1_yrs.txt.58.117      4.166124051885114      7.538349081693918      150606.87507895817
catalog_1_yrs.txt.44.255      3.962734074733784      6.849277530312961      153620.30789558013
catalog_1_yrs.txt.58.337      3.7778212172565495      0.8040917762390732      279763.8422399697
catalog_1_yrs.txt.49.112      3.4821412556915052      7.058191199245034      217578.44938001697
catalog_1_yrs.txt.69.288      3.27682083659543      7.257884033360564      151496.90054460085
catalog_1_yrs.txt.58.250      3.2475033166565446      8.106665031891431      57244.150272711544
catalog_1_yrs.txt.49.341      2.917856063636436      12.729663718364002      110044.74110503739
catalog_1_yrs.txt.69.272      2.3676104979383337      7.1371200073009895      220560.8269760806
catalog_1_yrs.txt.58.101      1.4037282613081936      6.924530394332381      106077.53813489083
catalog_1_yrs.txt.49.30      1.3675155404915027      7.434799452067147      155135.0186930595
catalog_1_yrs.txt.69.59      1.3085310780318238      7.678307409698211      68870.40846163634
catalog_1_yrs.txt.58.145      1.2987422215507372      7.372104962876618      153338.11420447743
catalog_1_yrs.txt.44.21      1.2501244073241276      7.466247268799126      90121.95848058994
catalog_1_yrs.txt.69.297      1.241145128914545      8.27912141652743      102494.10975560901
catalog_1_yrs.txt.49.323      1.2411293839907258      9.503588125476341      88143.6995595838
catalog_1_yrs.txt.69.145      1.2374352933400747      8.860955635551932      92373.75161590193
catalog_1_yrs.txt.44.136      1.2317424717907404      7.382039501214528      172003.57872762252
catalog_1_yrs.txt.49.346      1.229529759116468      8.424101069662152      73667.20065266591
catalog_1_yrs.txt.44.303      1.2202646868992777      7.6560706371124745      57619.087116756324
catalog_1_yrs.txt.49.351      1.2194789707642413      8.252618675329252      55139.9135034368
catalog_1_yrs.txt.58.3      1.2142631316551002      7.453145556627381      118294.49487314146
catalog_1_yrs.txt.58.184      1.212142251384935      7.28729491264977      179923.34073327642
catalog_1_yrs.txt.58.335      1.2117995992572421      7.376640288502391      83693.6259430408
catalog_1_yrs.txt.49.72      1.211141196232631      9.022787041873595      117096.72501646989
catalog_1_yrs.txt.69.78      1.2097093246383435      8.090957264222046      88763.04734351474
catalog_1_yrs.txt.49.174      1.2079884217835415      7.1120679354621865      96984.3133920097
catalog_1_yrs.txt.44.52      1.2064397065616177      7.519633519310283      46358.19421968187
catalog_1_yrs.txt.44.153      1.2016430455516132      7.958287138765385      35518.60177219953
catalog_1_yrs.txt.44.342      1.2005287236342292      7.238826916409296      89232.07475525494
catalog_1_yrs.txt.58.174      1.180575643585582      13.625781302037055      85158.15482119692
catalog_1_yrs.txt.69.117      1.1736685972929135      8.412745898858125      116802.69578999888
catalog_1_yrs.txt.44.354      1.1735426153308002      9.668194938342985      51702.18386091234
catalog_1_yrs.txt.69.119      1.1651975498352338      10.54789305688606      96988.78396718678
catalog_1_yrs.txt.58.212      1.1607466296313365      6.970385804679396      115019.37967513429
catalog_1_yrs.txt.69.194      1.1601567165210667      8.099180073904964      102511.5458255368
catalog_1_yrs.txt.44.306      1.1590996979326798      10.983318307590102      52631.306725391
catalog_1_yrs.txt.58.41      1.1574625261809675      7.808863220736111      79500.98160965377
catalog_1_yrs.txt.69.13      1.1568284474257362      8.49645144432742      67795.384241238
catalog_1_yrs.txt.49.79      1.1551566233961925      8.17222921558767      62916.27752274767
catalog_1_yrs.txt.58.0      1.1512333914897241      10.478525963811851      32862.813932786295
catalog_1_yrs.txt.44.107      1.15015691273151      9.38767000248175      117096.866421268
catalog_1_yrs.txt.44.3      1.1491399503090973      12.598476128842947      68637.71187761964
catalog_1_yrs.txt.49.321      1.1467806428806064      7.881817487098502      122499.16144201
catalog_1_yrs.txt.58.35      1.1466073421836775      8.797968978967825      111640.77312747433
catalog_1_yrs.txt.49.222      1.1451118176473396      7.644291823609723      158275.23802079522
catalog_1_yrs.txt.44.235      1.1441860737521226      7.77113066039305      41523.52806200991
catalog_1_yrs.txt.58.204      1.1433087515675728      10.336208657276694      34897.60282745882
catalog_1_yrs.txt.44.131      1.1426458572634055      10.049507869314011      50516.13681243884
catalog_1_yrs.txt.49.161      1.1395383881446315      9.912661715239116      71368.01442177956
catalog_1_yrs.txt.69.271      1.1394137026775355      9.524249263741735      160995.2707735788
catalog_1_yrs.txt.58.248      1.1388169668133166      7.8081648025432795      76975.13782139838
catalog_1_yrs.txt.69.129      1.1378622165473185      7.452631748385071      40427.69182641936
catalog_1_yrs.txt.44.33      1.1326583656864      10.300053399303087      71676.32320190752
catalog_1_yrs.txt.49.84      1.1321114741168217      9.345460458694143      68198.72968632827
catalog_1_yrs.txt.49.139      1.129141573028133      16.811468024801332      39063.51251786505
catalog_1_yrs.txt.44.111      1.128938140674678      7.657365254673387      43015.589696302355
catalog_1_yrs.txt.49.277      1.1288858919914948      12.366190486850563      56058.07950428304
catalog_1_yrs.txt.44.193      1.128537826570633      10.942752087582015      29833.24182603002
catalog_1_yrs.txt.44.273      1.1278947366179408      10.660403395630336      49206.359877029216
catalog_1_yrs.txt.58.8      1.127495856027963      10.2480838048151      53450.42451904231
catalog_1_yrs.txt.44.330      1.1267413419949963      9.79396867410878      108994.07796791915
catalog_1_yrs.txt.49.94      1.12660275265162      8.06461170041728      134087.10520520585
catalog_1_yrs.txt.49.111      1.1252408339992326      15.093762765453393      40902.8334197127
catalog_1_yrs.txt.58.361      1.125089738053651      9.52887659671736      140649.5993824528
catalog_1_yrs.txt.69.16      1.122608668031891      8.768983971653107      65408.09060611869
catalog_1_yrs.txt.58.268      1.1208473665649383      7.739123561205776      79541.12334421
catalog_1_yrs.txt.69.219      1.1182737428648104      9.133415563549937      78879.73752308603
catalog_1_yrs.txt.44.259      1.118179676814972      8.327858421068257      99778.64384572861
catalog_1_yrs.txt.69.7      1.1177233767582726      9.845509853574674      33334.65692532799
catalog_1_yrs.txt.44.44      1.1175890779773368      8.684435596224933      112642.94187326996
catalog_1_yrs.txt.58.152      1.1175160693117032      8.676002330281698      50190.13456222053
catalog_1_yrs.txt.69.227      1.1174498796444554      8.586943797849901      173571.59027593432
catalog_1_yrs.txt.69.296      1.1165768919156018      12.105821093088652      57885.48814735041
catalog_1_yrs.txt.49.48      1.116028453207188      7.12804966445816      93649.26724115621
catalog_1_yrs.txt.69.234      1.1159834131999784      11.682978282121567      54222.46545730258
catalog_1_yrs.txt.49.197      1.1154577101681695      12.40532143571139      37039.30037680321
catalog_1_yrs.txt.49.80      1.1149881112382147      7.093568288791816      77120.67912560228
catalog_1_yrs.txt.69.352      1.1142822377479382      7.739558531023776      68497.43664349336
catalog_1_yrs.txt.44.35      1.1142134726236683      9.639298965002688      76147.40442612967
catalog_1_yrs.txt.49.137      1.1133765050424935      9.161267428806976      70320.48592741655
catalog_1_yrs.txt.44.237      1.11324224087239      11.887998481423992      67804.39487853606
catalog_1_yrs.txt.69.31      1.1116790086780068      8.422717860030886      81222.30970038306
catalog_1_yrs.txt.58.156      1.1112396093221417      8.263436613903039      89155.93730538443
catalog_1_yrs.txt.69.109      1.1099968352864922      8.532566366824994      118990.22210873086
catalog_1_yrs.txt.69.322      1.1099179634791236      8.154078147363066      166484.27342142098
catalog_1_yrs.txt.44.250      1.1089113002892905      7.909677858922553      179642.3331476248
catalog_1_yrs.txt.49.322      1.1080699829841631      10.007542224540355      57101.21045717434
catalog_1_yrs.txt.44.253      1.1080357163211494      12.237102770584155      59192.99017559644
catalog_1_yrs.txt.58.251      1.107832665150196      8.570537377653752      184840.903838387
catalog_1_yrs.txt.69.101      1.1052182143617022      8.487995717368175      75884.50262542395
catalog_1_yrs.txt.49.233      1.1047195798916907      15.795603063089287      13546.40168370193
catalog_1_yrs.txt.44.284      1.1046353432315594      7.90403982375585      158326.49616868352
catalog_1_yrs.txt.58.234      1.1042344977458842      8.289797716537135      38419.86540106262
catalog_1_yrs.txt.58.69      1.1029341592441877      12.706184783889492      64032.94576834987
catalog_1_yrs.txt.69.252      1.1025359965952073      9.877521172092177      77643.18165380822
catalog_1_yrs.txt.69.24      1.1012887872528774      7.970982716771098      72415.42611822372
catalog_1_yrs.txt.69.171      1.1012664340994915      12.685832587105223      49640.13640873984
catalog_1_yrs.txt.44.340      1.1008164845623312      11.070633418619222      47004.10982499334
catalog_1_yrs.txt.58.185      1.1003962924179056      10.983081844434777      156707.5304010437
catalog_1_yrs.txt.69.205      1.1001412080508977      8.69086210218062      115890.59853175038
catalog_1_yrs.txt.49.64      1.1000187382857611      10.143796184538747      69341.49971928631
catalog_1_yrs.txt.58.347      1.0995283812800793      11.331299083292215      63644.636292571144
catalog_1_yrs.txt.69.72      1.0988675164320156      12.437726194132576      63963.76039992394
catalog_1_yrs.txt.44.51      1.098753848658928      9.093058763103127      60940.50009310496
catalog_1_yrs.txt.69.135      1.0986539219576983      9.630789235051903      67914.22641095574
catalog_1_yrs.txt.44.210      1.098463020778327      11.004774976516499      60842.42300853166
catalog_1_yrs.txt.69.8      1.0977866574464565      10.140872009358564      137523.30976441765
catalog_1_yrs.txt.69.184      1.096118261841104      9.450287652974662      113141.53060273414
catalog_1_yrs.txt.49.243      1.0949585456419815      9.169206657524498      150435.7479248446
catalog_1_yrs.txt.49.158      1.094226994871614      7.632313494592024      109958.46579864481
catalog_1_yrs.txt.58.162      1.0936449461269537      9.863208253098952      89352.78785263567
catalog_1_yrs.txt.69.276      1.0933595476575313      8.352853686752566      106140.5731594062
catalog_1_yrs.txt.49.132      1.0932737540182602      8.836062957237377      103587.29867482086
catalog_1_yrs.txt.44.222      1.0930866318807433      11.712053181672603      143779.61061918893
catalog_1_yrs.txt.49.152      1.092748153398724      19.941894362912006      56873.809482903205
catalog_1_yrs.txt.58.138      1.0921535710267722      10.955015968113138      83125.8962493949
catalog_1_yrs.txt.58.61      1.0914669243358914      13.354888105846774      141967.25418807165
catalog_1_yrs.txt.44.64      1.0913581358596078      10.23212735228      208825.35504266885
catalog_1_yrs.txt.69.0      1.0911650833270792      13.49689530816084      60555.5596808047
catalog_1_yrs.txt.69.202      1.0909152669967146      15.313798911451514      74970.15340587622
catalog_1_yrs.txt.58.216      1.089831305307287      8.05191180794096      109823.70791437826
catalog_1_yrs.txt.44.328      1.0882867389338644      10.12506540921629      167063.21311583446
catalog_1_yrs.txt.69.203      1.0867670991698988      7.825996382322009      57777.643409230564
catalog_1_yrs.txt.69.98      1.08668714449015      12.032068798573416      56198.70568459895
catalog_1_yrs.txt.44.79      1.085785373392861      13.07191419898311      79629.93286708993
catalog_1_yrs.txt.44.113      1.0836866814519837      16.074776783238743      54303.95817008399
catalog_1_yrs.txt.58.336      1.0836180833235298      11.480822461696413      160963.81529165438
catalog_1_yrs.txt.49.165      1.082130208919019      18.153182326217713      47582.703428386645
catalog_1_yrs.txt.58.99      1.0820831150242296      9.007303387829413      67789.27746102758
catalog_1_yrs.txt.44.110      1.0813508882500023      11.116073671078828      57191.235503951684
catalog_1_yrs.txt.69.15      1.079405535619803      10.164368651112373      131824.52948330157
catalog_1_yrs.txt.49.230      1.079255341983799      11.769425688289143      24636.961952306978
catalog_1_yrs.txt.49.154      1.0791509105142534      14.02397744040936      56755.57163250144
catalog_1_yrs.txt.44.189      1.0789360456798434      14.29410692885266      81532.1292047326
catalog_1_yrs.txt.49.316      1.0788430313930861      9.876260527394708      98449.96895955986
catalog_1_yrs.txt.58.10      1.078083156030556      10.996229800805022      135045.67152263847
catalog_1_yrs.txt.44.150      1.0775773724923616      11.857136568684997      108282.27714503321
catalog_1_yrs.txt.49.63      1.077223770038617      19.698974850098203      75479.70404374631
catalog_1_yrs.txt.49.107      1.0771557273368828      18.594878712721172      51772.28649199907
catalog_1_yrs.txt.44.48      1.076883888609715      15.49595284330982      77595.59492199369
catalog_1_yrs.txt.58.31      1.0762437866108834      8.448973316252626      74162.68383961634
catalog_1_yrs.txt.58.178      1.0758730704345292      8.170781569000106      151872.82375977858
catalog_1_yrs.txt.69.137      1.0757068749421812      7.4421800035491845      83422.53918847001
catalog_1_yrs.txt.44.62      1.0750006076420948      11.813061379361427      106749.70730849933
catalog_1_yrs.txt.49.47      1.073713889535448      10.902456467657137      108199.74097568644
catalog_1_yrs.txt.69.2      1.0736979411758265      13.616844876843981      61240.75629010844
catalog_1_yrs.txt.69.38      1.0734187815314429      14.976004304107251      110981.82177348476
catalog_1_yrs.txt.44.29      1.0726699298949394      14.363329807194972      276180.3132405572
catalog_1_yrs.txt.69.344      1.0725594478105513      11.87330952203714      99373.49165902185
catalog_1_yrs.txt.44.192      1.0722484234219427      14.017507205064248      37201.267888681956
catalog_1_yrs.txt.58.180      1.072236058900019      12.671533829205949      105674.14640619443
catalog_1_yrs.txt.44.196      1.072120858689742      11.678520001841044      113088.86587052025
catalog_1_yrs.txt.44.199      1.07180781214998      9.163744877174118      50263.619670187625
catalog_1_yrs.txt.49.196      1.071597540163445      10.159009185166346      94084.02749450458
catalog_1_yrs.txt.69.303      1.071436824662526      12.565363438220286      142358.46112778856
catalog_1_yrs.txt.69.172      1.0710257426015142      9.037810129928449      111489.05051337049
catalog_1_yrs.txt.58.34      1.0706156196884564      9.217716997723585      107975.39303955928
catalog_1_yrs.txt.58.331      1.070364894034928      16.23614609491139      79847.16428345967
catalog_1_yrs.txt.58.292      1.0696973614039604      11.559184762180532      80417.38205797994
catalog_1_yrs.txt.69.329      1.0695857654453287      13.413587974565957      160567.25530209942
catalog_1_yrs.txt.44.240      1.0693609174413794      12.600973185513162      107812.79152551397
catalog_1_yrs.txt.58.223      1.0690790667029446      36.42321236242028      39084.83926525624
catalog_1_yrs.txt.44.344      1.0685616186700984      16.13855843623721      34075.873274331665
catalog_1_yrs.txt.44.165      1.0678475253460826      17.436155595126955      48945.19053547871
catalog_1_yrs.txt.49.195      1.0672853503346578      33.7501208180678      54252.33404690804
catalog_1_yrs.txt.44.346      1.0668785148705142      7.98233254130357      94704.78306907284
catalog_1_yrs.txt.58.298      1.066764672135713      10.760202433720757      71527.11178710849
catalog_1_yrs.txt.58.17      1.0663608433408616      15.521148169551548      60844.278877659264
catalog_1_yrs.txt.69.308      1.0662658381074783      10.397411951522043      132098.6306507346
catalog_1_yrs.txt.69.235      1.0657034479940157      14.329699818747573      12566.51520691656
catalog_1_yrs.txt.44.277      1.0656559212630585      12.612309417288273      91690.29378941012
catalog_1_yrs.txt.44.287      1.065329214590682      17.114627779222687      48793.16858903389
catalog_1_yrs.txt.44.109      1.0652641143788537      15.61528069808874      48842.64383491363
catalog_1_yrs.txt.44.97      1.0646039158582734      9.867336355982072      108667.94609484522
catalog_1_yrs.txt.69.319      1.064389228362732      9.815746140031388      66011.88805819806
catalog_1_yrs.txt.44.104      1.0642653812016714      10.792613108285895      155838.50133395236
catalog_1_yrs.txt.49.122      1.0638575668753296      11.867492121521192      81596.46826953454
catalog_1_yrs.txt.49.141      1.0638507391132546      15.422489580822887      74578.12475576313
catalog_1_yrs.txt.49.66      1.0632818987527932      22.411266016333308      41252.19284971159
catalog_1_yrs.txt.44.25      1.061342848678251      8.716859912158556      101193.63134878094
catalog_1_yrs.txt.44.7      1.0613289789464808      10.976016413144718      94062.34562197671
catalog_1_yrs.txt.49.38      1.0609854562764973      11.030288619763539      74981.81059009169
catalog_1_yrs.txt.58.27      1.0602638737049592      10.493036080582911      69089.4820898652
catalog_1_yrs.txt.44.186      1.059933672003943      13.41744589455059      138177.96181654197
catalog_1_yrs.txt.58.68      1.0594309603617995      18.157989655604673      41542.84030620947
catalog_1_yrs.txt.69.311      1.0593830773679407      12.16067592538012      161048.09168104033
catalog_1_yrs.txt.49.22      1.0593150889128007      12.560382492911375      83437.99050700408
catalog_1_yrs.txt.44.263      1.0589401028783185      15.208195843191998      153203.05499461017
catalog_1_yrs.txt.69.60      1.0585511763047724      17.388409825710248      62380.67049341957
catalog_1_yrs.txt.69.268      1.0582217180097921      22.10798517334557      44834.12367811296
catalog_1_yrs.txt.69.240      1.058126985741401      15.386673353730007      100364.6262905489
catalog_1_yrs.txt.44.145      1.0579032993525004      11.656262385870317      112439.28577952171
catalog_1_yrs.txt.58.124      1.0564996686606696      16.0331736492076      92338.96195778238
catalog_1_yrs.txt.58.294      1.0548887019843238      21.667689127631988      103476.38899810018
catalog_1_yrs.txt.49.34      1.0545171237764783      25.242131511094577      13278.54858539181
catalog_1_yrs.txt.69.200      1.05435282258012      17.96203313164441      72979.71036597303
catalog_1_yrs.txt.69.52      1.0541793642340866      9.00444605671924      105972.6386181203
catalog_1_yrs.txt.44.375      1.0538622718680237      10.590940469861177      140808.84789532865
catalog_1_yrs.txt.69.46      1.053832634106818      14.83512135728673      50903.13173612408
catalog_1_yrs.txt.49.101      1.053657534694165      20.4650819370092      100688.41813624368
catalog_1_yrs.txt.69.100      1.0535787370445648      21.69614094570084      71083.76932131953
catalog_1_yrs.txt.44.245      1.0535707552679165      17.931546690704124      10918.337352700792
catalog_1_yrs.txt.69.70      1.0535668757265884      13.905592816597853      98347.41605103345
catalog_1_yrs.txt.69.28      1.0531899659457404      10.953472764785403      112421.49261376809
catalog_1_yrs.txt.49.149      1.0524945088198256      16.272893064739456      84049.54425558736
catalog_1_yrs.txt.44.102      1.051609149042364      15.268009698038352      102122.0669605395
catalog_1_yrs.txt.49.16      1.0515900448222741      13.628789533727481      92001.3152873499
catalog_1_yrs.txt.58.192      1.0514027234388472      13.6692436083794      20689.300541526914
catalog_1_yrs.txt.58.252      1.0513849089906249      9.919697440946294      139381.53029577163
catalog_1_yrs.txt.69.328      1.0509349032639852      11.801842144989696      84765.1593080159
catalog_1_yrs.txt.44.13      1.050916335273846      11.901289488804318      121295.99378023187
catalog_1_yrs.txt.44.282      1.0496637652340046      13.719853992302898      56580.489111022485
catalog_1_yrs.txt.69.156      1.0495775923164377      27.66243998277384      75088.48887705115
catalog_1_yrs.txt.69.197      1.0493548238630668      12.035319602146895      63578.275523737284
catalog_1_yrs.txt.58.231      1.0493001214588418      10.541305406159694      120065.23858063493
catalog_1_yrs.txt.44.296      1.0490475954565603      10.305025420375623      133630.51716556126
catalog_1_yrs.txt.58.354      1.0484413707691453      10.967992014527978      83961.8307306622
catalog_1_yrs.txt.58.111      1.0481612710280939      33.27874107591346      51939.38415078024
catalog_1_yrs.txt.44.374      1.0471065756294364      14.90042099271702      106056.09589754778
catalog_1_yrs.txt.44.314      1.046441524744156      12.480139032261434      68138.35622625357
catalog_1_yrs.txt.58.286      1.0456717770346318      21.4915246600013      83397.54057242305
catalog_1_yrs.txt.69.335      1.0456663456949238      29.360038209091176      57892.29196412188
catalog_1_yrs.txt.58.159      1.0450418900043905      50.7793941612526      39184.35990830639
catalog_1_yrs.txt.44.57      1.044691537106538      25.40959399006588      66842.58506429577
catalog_1_yrs.txt.44.211      1.04437829050931      9.175473519051012      110748.50713877146
catalog_1_yrs.txt.44.69      1.0422354863226317      21.03536450820682      82139.53159404511
catalog_1_yrs.txt.69.96      1.0417557946934537      22.182410346319024      96524.46481107795
catalog_1_yrs.txt.69.56      1.0415310792686516      21.334394775777202      80724.1439355521
catalog_1_yrs.txt.58.85      1.0414985362069689      15.777740507666092      113773.64077594822
catalog_1_yrs.txt.58.200      1.0411073718177335      19.08394945219321      83693.25063395732
catalog_1_yrs.txt.58.100      1.0408386821550288      26.769074927998453      47782.659305242894
catalog_1_yrs.txt.58.330      1.0405990872590254      21.086859636928125      67575.99436117939
catalog_1_yrs.txt.49.142      1.0400968510751072      18.56054502064962      123676.85166475206
catalog_1_yrs.txt.44.70      1.0397378258241037      24.671890017181873      46132.4628925834
catalog_1_yrs.txt.58.225      1.0390622511732057      8.955719361690726      159487.6613621729
catalog_1_yrs.txt.69.248      1.0386548989383517      19.756975877924575      93542.9119264317
catalog_1_yrs.txt.58.40      1.038211251644231      13.900072192312333      98701.39453115556
catalog_1_yrs.txt.49.276      1.0375771856532274      24.75484587477356      30256.977129497438
catalog_1_yrs.txt.49.215      1.0359837063069517      12.78915136653386      105206.8187556935
catalog_1_yrs.txt.69.340      1.0358445325668562      15.16169002458484      133411.06814830954
catalog_1_yrs.txt.44.262      1.0358195377458277      24.10133845344457      120281.17447163851
catalog_1_yrs.txt.58.21      1.0351427808621325      18.87476098167286      88902.43763969821
catalog_1_yrs.txt.44.241      1.033084321731767      38.63299827737579      44780.858859486885
catalog_1_yrs.txt.49.314      1.0328532228809384      16.51947841691169      59970.16541883611
catalog_1_yrs.txt.69.351      1.0323992334705276      28.6385721607383      25338.650886759613
catalog_1_yrs.txt.49.328      1.0323972760051414      30.65530731860331      39639.357206236135
catalog_1_yrs.txt.58.322      1.0317928864538681      22.89040111263536      104546.2048203245
catalog_1_yrs.txt.58.305      1.0316894016184324      19.665287921935626      57442.69311185694
catalog_1_yrs.txt.69.316      1.0310722837301654      15.013105466556596      29992.90205671308
catalog_1_yrs.txt.44.204      1.0310144968926094      23.385263552371796      64320.74920041457
catalog_1_yrs.txt.69.232      1.0309504413889221      14.79543379707507      63617.38081738594
catalog_1_yrs.txt.44.149      1.030721415427495      30.323621501764407      100377.07404393613
catalog_1_yrs.txt.49.11      1.0306581084251643      10.999656174351028      138762.83738951615
catalog_1_yrs.txt.49.40      1.0304771242111186      100.18833230090563      43699.3987657614
catalog_1_yrs.txt.69.150      1.0303961451516974      26.014528219413936      58449.391852327986
catalog_1_yrs.txt.44.18      1.0293150988835182      19.483259544663433      115955.89981720087
catalog_1_yrs.txt.49.205      1.026864542946261      20.332128949190615      78327.07625869583
catalog_1_yrs.txt.69.179      1.0259549263309529      15.296551443101706      116636.81973457518
catalog_1_yrs.txt.49.231      1.0255619551023076      65.93607244202485      13031.035791978446
catalog_1_yrs.txt.49.324      1.0253404967037671      57.23559015010045      43289.98339404572
catalog_1_yrs.txt.44.116      1.0251299530896505      104.14402528653198      20668.264768684654
catalog_1_yrs.txt.49.251      1.024760635379895      17.57985848991223      75376.16615402403
catalog_1_yrs.txt.58.356      1.0244996727579618      41.862322425150225      80384.57428915089
catalog_1_yrs.txt.49.17      1.0220599437464954      27.712164500607834      46438.21275008583
catalog_1_yrs.txt.58.304      1.0213076307343942      25.90696419368932      70931.5780530472
catalog_1_yrs.txt.49.179      1.0207923751335983      45.51245938886835      131442.83950462443
catalog_1_yrs.txt.44.379      1.0204296152428238      49.7237206133558      58021.757480277316
catalog_1_yrs.txt.49.267      1.0201462351617903      492.556530279223      59894.76581404981
catalog_1_yrs.txt.44.108      1.0200071493828613      19.476161224946374      24725.222520920153
catalog_1_yrs.txt.44.283      1.0195368635673527      20.011538374213895      60615.259334815666
catalog_1_yrs.txt.44.334      1.0181438034382664      54.79550122232554      109032.60144774409
catalog_1_yrs.txt.49.3      1.0170255974397282      25.71960438399515      37777.00806250851
catalog_1_yrs.txt.49.265      1.0154283316372024      37.50313279951271      75553.9295561353
catalog_1_yrs.txt.58.134      1.013805407847353      26.37939754502048      65689.79412352982
catalog_1_yrs.txt.58.224      1.0133035987532621      113.03946308168432      54843.5905364095
catalog_1_yrs.txt.49.209      1.012676898642078      35.11506169142342      79281.43177920533
catalog_1_yrs.txt.44.369      1.0126060042051739      21.01840730338679      89916.705957131
catalog_1_yrs.txt.49.354      1.012001802086351      620.5203840294112      4850.32036902266
catalog_1_yrs.txt.58.89      1.011658295291625      136.88366051150453      65145.56508464069
catalog_1_yrs.txt.69.331      1.0116403996291243      23.847585188819654      35303.471779817206
catalog_1_yrs.txt.69.283      1.010765826316227      206.02706159419358      12249.410127753967
catalog_1_yrs.txt.69.201      1.0099448433489635      87.40912412831545      25231.069804679915
catalog_1_yrs.txt.69.228      1.0099151981661505      349.4409943546259      67704.51370939326
catalog_1_yrs.txt.49.239      1.0091350360075613      18.21796226987146      35276.24215167896
catalog_1_yrs.txt.49.335      1.0081192689547342      24.805904933346856      73219.41694048444
catalog_1_yrs.txt.69.359      1.0080196163751893      189.73455882210754      33512.60975234546
catalog_1_yrs.txt.69.166      1.007945431099698      75.40477385596495      65627.32146052507
catalog_1_yrs.txt.69.204      1.0075762098566894      494.54889126917124      26967.50056568779
catalog_1_yrs.txt.44.248      1.0074500375955269      7850.231709231926      6278.044587906311
catalog_1_yrs.txt.69.208      1.0070930829401834      3029.2758944303764      14720.368448601263
catalog_1_yrs.txt.69.173      1.006954844928796      31.6419511167829      93495.7022388509
catalog_1_yrs.txt.44.350      1.0054844136662362      38.422300021259645      20460.642692395217
catalog_1_yrs.txt.44.40      1.0054831902145929      20.35850947034657      59905.56329377032
catalog_1_yrs.txt.69.3      1.003926889353922      64.86542914370386      46038.825240669954
catalog_1_yrs.txt.69.257      1.0032018237370706      30.935749042903986      67539.07550862333
catalog_1_yrs.txt.49.10      1.002980187695811      158.96153568925104      18822.59255492925
catalog_1_yrs.txt.58.211      1.002116771806836      48.27117638788863      34292.475311149916
catalog_1_yrs.txt.49.53      1.0020298860678363      50.00426792786416      51072.183210697345
catalog_1_yrs.txt.58.102      1.0010554283129747      20.60102266671392      16797.967704715877
catalog_1_yrs.txt.49.124      1.0010320272215982      58.232856507605646      17451.687326181163
catalog_1_yrs.txt.58.235      1.0009908870385924      110.59751203011106      13363.964101605472
catalog_1_yrs.txt.69.141      1.0004356702409212      109.70483590255739      49921.90853495717
catalog_1_yrs.txt.69.189      0.9999891126674189      338.588930804341      44868.29055446325
catalog_1_yrs.txt.44.260      0.998933659177277      320.5101365736758      48964.39112697936
catalog_1_yrs.txt.44.146      0.9988955030799701      117.72681102469606      66869.36484955832
catalog_1_yrs.txt.44.358      0.998565108200943      80.55153817162392      50425.41870195931
catalog_1_yrs.txt.49.95      0.9984250899718821      871.9879713605243      31932.14065120098
catalog_1_yrs.txt.58.140      0.9977391656520852      26.0240185871579      69298.87741511484
catalog_1_yrs.txt.44.272      0.9973165370348579      7047.265634464133      12325.46234583289
catalog_1_yrs.txt.44.215      0.9972905986584251      155.09850687634298      49247.08067749787
catalog_1_yrs.txt.44.112      0.9972635763155591      103.39726665480188      7180.416766443683
catalog_1_yrs.txt.49.76      0.9969255733796755      53.41582084434317      53200.04270752386
catalog_1_yrs.txt.44.251      0.9968512110776041      154.88929076126837      28157.64014551389
catalog_1_yrs.txt.58.157      0.9965073297055344      548.9789732069626      18494.851152985924
catalog_1_yrs.txt.44.80      0.9961006654999245      652.6354044278412      11666.84677513209
catalog_1_yrs.txt.58.318      0.9960552754014782      81.4940711962668      53726.1745525923
catalog_1_yrs.txt.69.256      0.9957347909748745      94.0020621590019      45309.97776176242
catalog_1_yrs.txt.69.6      0.9956868059573541      2430.4160299890323      11825.189196170362
catalog_1_yrs.txt.69.220      0.9955809963897999      556.1808468248992      47012.4452770776
catalog_1_yrs.txt.58.126      0.9949123576297599      107.68136555507223      59025.07654933692
catalog_1_yrs.txt.49.144      0.9949071244990315      37.57463306986448      81071.59826135429
catalog_1_yrs.txt.49.249      0.9947324456332457      30.827233601843417      83735.01680862255
catalog_1_yrs.txt.58.167      0.9942010712694461      41.2706600864714      34038.09446840176
catalog_1_yrs.txt.58.236      0.9937473822992003      1526.1970065893354      6929.47762073225
catalog_1_yrs.txt.49.153      0.9935826290250641      84.02525876868233      39877.76686187589
catalog_1_yrs.txt.49.266      0.9930979448353936      179.82517665726823      59726.582552157415
catalog_1_yrs.txt.69.162      0.9929938105680082      55.22354036468004      45030.93560463375
catalog_1_yrs.txt.58.1      0.9922145585368001      45.47288792947735      13893.225136307687
catalog_1_yrs.txt.69.313      0.9920751935666218      4645.521168411504      11680.208152845114
catalog_1_yrs.txt.49.93      0.9901219869877022      103.7340205797469      21780.956414736647
catalog_1_yrs.txt.58.272      0.9899782327851794      71.90205158788451      52646.716976222466
catalog_1_yrs.txt.49.81      0.9869599461706053      57.371806061759045      8636.270160705542
catalog_1_yrs.txt.58.254      0.9851632971718097      436.9942668508791      23609.29613003793
catalog_1_yrs.txt.49.307      0.9849326277897956      1446.398390174351      39264.92722609493
catalog_1_yrs.txt.44.236      0.977706943607941      153.66061514726084      1649.9886242772734
catalog_1_yrs.txt.44.311      0.9754796292593015      85.8257271645736      32064.137204687708
catalog_1_yrs.txt.49.178      0.36613561665600164      0.20760115823110295      588736.0656425655
catalog_1_yrs.txt.69.157      0.36460487949098863      0.20187048419519207      600207.385383924
catalog_1_yrs.txt.44.4      0.36270341896858704      0.19619846034743013      597439.8268229784
catalog_1_yrs.txt.58.266      0.3605184539007679      0.19623113867399494      599282.9249284246
