2.000000000000000000e+00 0.000000000000000000e+00 1.000000000000000021e-02 0.000000000000000000e+00
2.040201005025125802e+00 1.760862083102809679e-22 1.038934314033330107e-02 9.497920546692205422e-06
2.080402010050251160e+00 4.118930159861075856e-21 1.079384508875906243e-02 1.936980884211330264e-05
2.120603015075376963e+00 8.291413681005000645e-20 1.121409604307192776e-02 2.963055709008564318e-05
2.160804020100502321e+00 1.488302383815697613e-18 1.165070918001281410e-02 4.029566376347553893e-05
2.201005025125628123e+00 2.385999404796987129e-17 1.210432154993843629e-02 5.138125931996535752e-05
2.241206030150753925e+00 3.416983430577468600e-16 1.257559500632414451e-02 6.290413308795995680e-05
2.281407035175879283e+00 4.371809191645924046e-15 1.306521717145634788e-02 7.488176138176343990e-05
2.321608040201005085e+00 4.997849489509803886e-14 1.357390243972348733e-02 8.733233690867319755e-05
2.361809045226130443e+00 5.105933580730298013e-13 1.410239301996946831e-02 1.002747995339029743e-04
2.402010050251256246e+00 4.662448260833995235e-12 1.465146001843040287e-02 1.137288684736092504e-04
2.442211055276382048e+00 3.806182382794697721e-11 1.522190456383475457e-02 1.277150759899696670e-04
2.482412060301507406e+00 2.778483835646427718e-10 1.581455897630847790e-02 1.422548026668548542e-04
2.522613065326633208e+00 1.814242246699798572e-09 1.643028798179069216e-02 1.573703143493320931e-04
2.562814070351758566e+00 1.059996023161113345e-08 1.706998997373178339e-02 1.730848008351160204e-04
2.603015075376884369e+00 5.543968699944244878e-08 1.773459832391485400e-02 1.894224164114897252e-04
2.643216080402010171e+00 2.597016601388579914e-07 1.842508274431312390e-02 2.064083223369696631e-04
2.683417085427135529e+00 1.090319773733739970e-06 1.914245070197030316e-02 2.240687313729094294e-04
2.723618090452261331e+00 4.106044098016849850e-06 1.988774888896835749e-02 2.424309544768878750e-04
2.763819095477386689e+00 1.388527507933665555e-05 2.066206474962746509e-02 2.615234497766706027e-04
2.804020100502512491e+00 4.222423886571227209e-05 2.146652806716646197e-02 2.813758739508528169e-04
2.844221105527638294e+00 1.156810737556284417e-04 2.230231261213881655e-02 3.020191361503745536e-04
2.884422110552764096e+00 2.862564962518539323e-04 2.317063785504933082e-02 3.234854546036780359e-04
2.924623115577889454e+00 6.420050320348598622e-04 2.407277074565038893e-02 3.458084160571094664e-04
2.964824120603014812e+00 1.311187244752791067e-03 2.501002756151390546e-02 3.690230382123378693e-04
3.005025125628140614e+00 2.454381897211456876e-03 2.598377582857612847e-02 3.931658353327107790e-04
3.045226130653266416e+00 4.247614014974167990e-03 2.699543631645756614e-02 4.182748872019536137e-04
3.085427135678392219e+00 6.873059179001364885e-03 2.804648511146929160e-02 4.443899116303898331e-04
3.125628140703517577e+00 1.053962665803471511e-02 2.913845577033035567e-02 4.715523407170384325e-04
3.165829145728642935e+00 1.554065750533724539e-02 3.027294155773870010e-02 4.998054010896650374e-04
3.206030150753768737e+00 2.232413634062510588e-02 3.145159777106035226e-02 5.291941983597274902e-04
3.246231155778894539e+00 3.152895162007853663e-02 3.267614415552880236e-02 5.597658060451599169e-04
3.286432160804020342e+00 4.395671675251641708e-02 3.394836741347852238e-02 5.915693592312049097e-04
3.326633165829145700e+00 6.049826388734540206e-02 3.527012381127377083e-02 6.246561532576315381e-04
3.366834170854271058e+00 8.207443372742642684e-02 3.664334188773633871e-02 6.590797477408665353e-04
3.407035175879396860e+00 1.096385095918488151e-01 3.807002526802415188e-02 6.948960762605623951e-04
3.447236180904522662e+00 1.442257209647709038e-01 3.955225558706621652e-02 7.321635620631321241e-04
3.487437185929648464e+00 1.869772892042892987e-01 4.109219552681959292e-02 7.709432401593818100e-04
3.527638190954773822e+00 2.390644716907052714e-01 4.269209197177979004e-02 8.112988862199234114e-04
3.567839195979899625e+00 3.014881312638050814e-01 4.435427928734887726e-02 8.532971527004227673e-04
3.608040201005024983e+00 3.747783046662244155e-01 4.608118272584454944e-02 8.970077126595305764e-04
3.648241206030150785e+00 4.586261490083162751e-01 4.787532196511985055e-02 9.425034117653938344e-04
3.688442211055276587e+00 5.514684193501993015e-01 4.973931478495662029e-02 9.898604290220359547e-04
3.728643216080401945e+00 6.500705726431328380e-01 5.167588088659678253e-02 1.039158446785468743e-03
3.768844221105527748e+00 7.492428917352376150e-01 5.368784586098450384e-02 1.090480830680431350e-03
3.809045226130653106e+00 8.419181312460961575e-01 5.577814531150909749e-02 1.143914820073374007e-03
3.849246231155778908e+00 9.198098713292630624e-01 5.794982913726411805e-02 1.199551729804925566e-03
3.889447236180904710e+00 9.746873353194844825e-01 6.020606598307218921e-02 1.257487163937076212e-03
3.929648241206030068e+00 1.000000000000000000e+00 6.255014786276850980e-02 1.317821242325784709e-03
3.969849246231155870e+00 9.923416841314188774e-01 6.498549496248878787e-02 1.380658840889861750e-03
4.010050251256281229e+00 9.522370079552822109e-01 6.751566063096971215e-02 1.446109846511715435e-03
4.050251256281407031e+00 8.839911052955404802e-01 7.014433656414363616e-02 1.514289427575367733e-03
4.090452261306532833e+00 7.947119204833928974e-01 7.287535819159160488e-02 1.585318321222569217e-03
4.130653266331657747e+00 6.928822002571470851e-01 7.571271027271446463e-02 1.659323138488855674e-03
4.170854271356784437e+00 5.869167420563663473e-01 7.866053271078686515e-02 1.736436688569294737e-03
4.211055276381909351e+00 4.840296438160420212e-01 8.172312659337768737e-02 1.816798323557953978e-03
4.251256281407035154e+00 3.895658771430774991e-01 8.490496046794984708e-02 1.900554305107123856e-03
4.291457286432160956e+00 3.068033450188534794e-01 8.821067686179648315e-02 1.987858194562358745e-03
4.331658291457285870e+00 2.371315165029479755e-01 9.164509905582628180e-02 2.078871268247818854e-03
4.371859296482412560e+00 1.804601648944746672e-01 9.521323812208147552e-02 2.173762959704335189e-03
4.412060301507537474e+00 1.357059875642663282e-01 9.892030023525684446e-02 2.272711330820459744e-03
4.452261306532663276e+00 1.012409808326755756e-01 1.027716942688876312e-01 2.375903573945231141e-03
4.492462311557789079e+00 7.524348941733292884e-02 1.067730396872899057e-01 2.483536547231703258e-03
4.532663316582913993e+00 5.594159076906431161e-02 1.109301747447680730e-01 2.595817345632589219e-03
4.572864321608040683e+00 4.176215189821134988e-02 1.152491650040530641e-01 2.712963910155182651e-03
4.613065326633165597e+00 3.140269722190588281e-02 1.197363121863999486e-01 2.835205678182954169e-03
4.653266331658291399e+00 2.384261711572675108e-02 1.243981633662581132e-01 2.962784277885889637e-03
4.693467336683417201e+00 1.831326953485497289e-02 1.292415205239295095e-01 3.095954269973687657e-03
4.733668341708542115e+00 1.424923729506301535e-02 1.342734504701532661e-01 3.234983940294196107e-03
4.773869346733668806e+00 1.123924996023617680e-02 1.395012951570970272e-01 3.380156147046699082e-03
4.814070351758793720e+00 8.986051945293730553e-03 1.449326823907997053e-01 3.531769226666450941e-03
4.854271356783919522e+00 7.276233716993203531e-03 1.505755369606960048e-01 3.690137962743954454e-03
4.894472361809045324e+00 5.957793356315998698e-03 1.564380922024610765e-01 3.855594622671704077e-03
4.934673366834170238e+00 4.923491926677093893e-03 1.625289020110467497e-01 4.028490067063173613e-03
4.974874371859296929e+00 4.098673945862394211e-03 1.688568533214371836e-01 4.209194937364872657e-03
5.015075376884421843e+00 3.432167911159649757e-03 1.754311790753339817e-01 4.398100927483549437e-03
5.055276381909547645e+00 2.889062053855906680e-03 1.822614716926904410e-01 4.595622145677570429e-03
5.095477386934673447e+00 2.444908203524109001e-03 1.893576970677505467e-01 4.802196573415907534e-03
5.135678391959799249e+00 2.081485740220162181e-03 1.967302091100145700e-01 5.018287628389232757e-03
5.175879396984925052e+00 1.784138252604400504e-03 2.043897648513465781e-01 5.244385839367212733e-03
5.216080402010049966e+00 1.540295345515750678e-03 2.123475401412674157e-01 5.481010641133251225e-03
5.256281407035175768e+00 1.338728052677317553e-03 2.206151459533327031e-01 5.728712298293203893e-03
5.296482412060301570e+00 1.169357616379764278e-03 2.292046453263887340e-01 5.988073967346170187e-03
5.336683417085427372e+00 1.023584808083370093e-03 2.381285709654244187e-01 6.259713907023655051e-03
5.376884422110553174e+00 8.949027999018953090e-04 2.473999435277003944e-01 6.544287847544331786e-03
5.417085427135678088e+00 7.792884961408135967e-04 2.570322906208360458e-01 6.842491530094231555e-03
5.457286432160803891e+00 6.749566420436390593e-04 2.670396665405738723e-01 7.155063428521358723e-03
5.497487437185929693e+00 5.815266949323238867e-04 2.774366727770203322e-01 7.482787665925269213e-03
5.537688442211055495e+00 4.990638562439722115e-04 2.882384793192830919e-01 7.826497139519671825e-03
5.577889447236181297e+00 4.274379545350139855e-04 2.994608467895896187e-01 8.187076867841329778e-03
5.618090452261306211e+00 3.661016690308812834e-04 3.111201494391824807e-01 8.565467575062633149e-03
5.658291457286432014e+00 3.141208027534060469e-04 3.232333990395441781e-01 8.962669527825916152e-03
5.698492462311557816e+00 2.702885461659613455e-04 3.358182697038105680e-01 9.379746640641364180e-03
5.738693467336683618e+00 2.332739812951997889e-04 3.488931236745882458e-01 9.817830866461509792e-03
5.778894472361809420e+00 2.017962145909781696e-04 3.624770381158041732e-01 1.027812688954409144e-02
5.819095477386934334e+00 1.747760880396708176e-04 3.765898329476762840e-01 1.076191713812110241e-02
5.859296482412060136e+00 1.514036892265327667e-04 3.912520997654204691e-01 1.127056713468062299e-02
5.899497487437185939e+00 1.311089888124622547e-04 4.064852318838871881e-01 1.180553120181295108e-02
5.939698492462311741e+00 1.134807017055913288e-04 4.223114555519654756e-01 1.236835854154549712e-02
5.979899497487437543e+00 9.819191194877068538e-05 4.387538623822984651e-01 1.296069970586103889e-02
6.020100502512562457e+00 8.496246836250287871e-05 4.558364430436274151e-01 1.358431347563211419e-02
6.060301507537688259e+00 7.355312307603575071e-05 4.735841222649241899e-01 1.424107416448071664e-02
6.100502512562814061e+00 6.377037579876674678e-05 4.920227952023857876e-01 1.493297936306255819e-02
6.140703517587939864e+00 5.546316244772981561e-05 5.111793652223524109e-01 1.566215813796159595e-02
6.180904522613065666e+00 4.850132264866038851e-05 5.310817831552778756e-01 1.643087969775719470e-02
6.221105527638190580e+00 4.273820491638585128e-05 5.517590880780264273e-01 1.724156253690733304e-02
6.261306532663316382e+00 3.797641173388465434e-05 5.732414496840001483e-01 1.809678406591523972e-02
6.301507537688442184e+00 3.396476292217164066e-05 5.955602123029184458e-01 1.899929073389314965e-02
6.341708542713567986e+00 3.043978918930813278e-05 6.187479406344770227e-01 1.995200864723558135e-02
6.381909547738693789e+00 2.719189755039333697e-05 6.428384672626160645e-01 2.095805468586519824e-02
6.422110552763819591e+00 2.411421977061072326e-05 6.678669420197234086e-01 2.202074811671232007e-02
6.462311557788944505e+00 2.120318168764404900e-05 6.938698832727993038e-01 2.314362270314778910e-02
6.502512562814070307e+00 1.851418873156523314e-05 7.208852312064125689e-01 2.433043930957749096e-02
6.542713567839196109e+00 1.610374768175377476e-05 7.489524031801928494e-01 2.558519900309121423e-02
6.582914572864321912e+00 1.399120936428164063e-05 7.781123512416278087e-01 2.691215665994481365e-02
6.623115577889447714e+00 1.215366811358735133e-05 8.084076218780822387e-01 2.831583509504822030e-02
6.663316582914572628e+00 1.054509053878503292e-05 8.398824180952211282e-01 2.980103974919383336e-02
6.703517587939698430e+00 9.120566128595607655e-06 8.725826639124132367e-01 3.137287399356971512e-02
6.743718592964824232e+00 7.850961102411783816e-06 9.065560713692188965e-01 3.303675514672202440e-02
6.783919597989950034e+00 6.724429710148017243e-06 9.418522101407301728e-01 3.479843134865773929e-02
6.824120603015075837e+00 5.739762122818700656e-06 9.785225798633354621e-01 3.666399950387735918e-02
6.864321608040200751e+00 4.898049646924610407e-06 1.016620685276439451e+00 3.863992459403486207e-02
6.904522613065326553e+00 4.195826655384706636e-06 1.056202114289771066e+00 4.073306077639053668e-02
6.944723618090452355e+00 3.620016936157173834e-06 1.097324619090195741e+00 4.295067483137182673e-02
6.984924623115578157e+00 3.145538289577741349e-06 1.140048200406358569e+00 4.530047270661537173e-02
7.025125628140703959e+00 2.738090740345300141e-06 1.184435195054113210e+00 4.779063013071153249e-02
7.065326633165828873e+00 2.363386477358854052e-06 1.230550366890478031e+00 5.042982854136374149e-02
7.105527638190954676e+00 1.999379664653211691e-06 1.278461001308820899e+00 5.322729789163588299e-02
7.145728643216080478e+00 1.644196896030245464e-06 1.328237003413144990e+00 5.619286826280603386e-02
7.185929648241206280e+00 1.313979914152691476e-06 1.379951000014722595e+00 5.933703261621412622e-02
7.226130653266332082e+00 1.031433149604997154e-06 1.433678445599902984e+00 6.267102344485744880e-02
7.266331658291456996e+00 8.122453352057573815e-07 1.489497732423705534e+00 6.620690651319419140e-02
7.306532663316582799e+00 6.574230918672968962e-07 1.547490304889824086e+00 6.995769526138928551e-02
7.346733668341708601e+00 5.546257346468764354e-07 1.607740778383939029e+00 7.393748974079374092e-02
7.386934673366834403e+00 4.854715254481270078e-07 1.670337062733729283e+00 7.816164406152620314e-02
7.427135678391960205e+00 4.332641521592158069e-07 1.735370490475713678e+00 8.264696616580760602e-02
7.467336683417085119e+00 3.873585435867188159e-07 1.802935950116070218e+00 8.741195315947951350e-02
7.507537688442210921e+00 3.436339846304218602e-07 1.873132024579870825e+00 9.247706427821593411e-02
7.547738693467336724e+00 3.025325417847100654e-07 1.946061135050749957e+00 9.786503164922695508e-02
7.587939698492462526e+00 2.663507388594366626e-07 2.021829690410873681e+00 1.036012061330618683e-01
7.628140703517588328e+00 2.369213641417838703e-07 2.100548242499242768e+00 1.097139314927328968e-01
7.668341708542713242e+00 2.143019211769059678e-07 2.182331647414868847e+00 1.162349347615118517e-01
7.708542713567839044e+00 1.966841645532217046e-07 2.267299233100193323e+00 1.231997138441648237e-01
7.748743718592964846e+00 1.812985644571268677e-07 2.355574973449243714e+00 1.306478950605045875e-01
7.788944723618090649e+00 1.656870381066999451e-07 2.447287669194571080e+00 1.386235236328537956e-01
7.829145728643216451e+00 1.486226437614384370e-07 2.542571135836890317e+00 1.471752393177153673e-01
7.869346733668341365e+00 1.302746588362297273e-07 2.641564398891643517e+00 1.563562779939929592e-01
7.909547738693467167e+00 1.117290945051046634e-07 2.744411896737354528e+00 1.662242288135773460e-01
7.949748743718592969e+00 9.430896706500725121e-08 2.851263691361735297e+00 1.768404665816867838e-01
7.989949748743718771e+00 7.910323619340550723e-08 2.962275687313046912e+00 1.882691718853800877e-01
8.030150753768843686e+00 6.682481691035142491e-08 3.077609859176190454e+00 2.005758493332951697e-01
8.070351758793970376e+00 5.785221331587833833e-08 3.197434487905427503e+00 2.138252604767314213e-01
8.110552763819095290e+00 5.225421305364508900e-08 3.321924406358539361e+00 2.280787078893554976e-01
8.150753768844221980e+00 4.973057880371083330e-08 3.451261254390688649e+00 2.433906488881573404e-01
8.190954773869346894e+00 4.955836192689837896e-08 3.585633743880198843e+00 2.598046939453890758e-01
8.231155778894471808e+00 5.066810663249715195e-08 3.725237934072934021e+00 2.773491723814831555e-01
8.271356783919598499e+00 5.187673442564380663e-08 3.870277517647005450e+00 2.960326435397505618e-01
8.311557788944723413e+00 5.218156529039560499e-08 4.020964117915213798e+00 3.158400037142999328e-01
8.351758793969850103e+00 5.098159673193211806e-08 4.177517597598875199e+00 3.367301688827221695e-01
8.391959798994975017e+00 4.815159427312061515e-08 4.340166379623550341e+00 3.586366276327447311e-01
8.432160804020099931e+00 4.397947248316581542e-08 4.509147780404717309e+00 3.814723027787506049e-01
8.472361809045226622e+00 3.901835698697139286e-08 4.684708356109690719e+00 4.051398943367033878e-01
8.512562814070351536e+00 3.390032181699603289e-08 4.867104262401029224e+00 4.295479367293543738e-01
8.552763819095478226e+00 2.915270205710412972e-08 5.056601628186307984e+00 4.546310641795747176e-01
8.592964824120603140e+00 2.506841169469721021e-08 5.253476943919564768e+00 4.803707096864953119e-01
8.633165829145728054e+00 2.167872865509521631e-08 5.458017465020992276e+00 5.068105471758628244e-01
8.673366834170854744e+00 1.883278103734939533e-08 5.670521631003516916e+00 5.340608161411612986e-01
8.713567839195979658e+00 1.632774830732392649e-08 5.891299500917796195e+00 5.622884113991201138e-01
8.753768844221106349e+00 1.401294459058541245e-08 6.120673205750934542e+00 5.916948941316286792e-01
8.793969849246231263e+00 1.182753905553408272e-08 6.358977418439033968e+00 6.224893983422735699e-01
8.834170854271356177e+00 9.785012264807266878e-09 6.606559842179391850e+00 6.548630429905185624e-01
8.874371859296482867e+00 7.938832326253468857e-09 6.863781717754788403e+00 6.889632808255032881e-01
8.914572864321607781e+00 6.349691562234961511e-09 7.131018350610087708e+00 7.248550100335632296e-01
8.954773869346734472e+00 5.057348460735444090e-09 7.408659658450185148e+00 7.624520348184647967e-01
8.994974874371859386e+00 4.060052267398140022e-09 7.697110740158344733e+00 8.014172901035691021e-01
9.035175879396984300e+00 3.310670877178316010e-09 7.996792466864984128e+00 8.410554287870366519e-01
9.075376884422110990e+00 2.733789493967497289e-09 8.308142096029278889e+00 8.802299839821478011e-01
9.115577889447235904e+00 2.254473702776491606e-09 8.631613909429617593e+00 9.173167036296381305e-01
9.155778894472362595e+00 1.822242514661660425e-09 8.967679875993805894e+00 9.502027940200655776e-01
9.195979899497487509e+00 1.419600032949987524e-09 9.316830340436119684e+00 9.764229765200191924e-01
9.236180904522612423e+00 1.055619791478238566e-09 9.679574738705921888e+00 9.935843455505940502e-01
9.276381909547739113e+00 7.518013709252730989e-10 1.005644234129179360e+01 1.000000000000000000e+00
9.316582914572864027e+00 5.275815239351847926e-10 1.044798302546572089e+01 9.950494333105390776e-01
9.356783919597990717e+00 3.900439459908262257e-10 1.085476807759410178e+01 9.789585317257595287e-01
9.396984924623115631e+00 3.297274428762278911e-10 1.127739102668612325e+01 9.523142348421355097e-01
9.437185929648240545e+00 3.226933283721474278e-10 1.171646851039578685e+01 9.153172351083423974e-01
9.477386934673367236e+00 3.376839001581704457e-10 1.217264117474115537e+01 8.668105464120455794e-01
9.517587939698492150e+00 3.458457439872006971e-10 1.264657460885356599e+01 8.055582536279074501e-01
9.557788944723618840e+00 3.293224129494560304e-10 1.313896031612061677e+01 7.341022167167527979e-01
9.597989949748743754e+00 2.850651774492579000e-10 1.365051672313992626e+01 6.575084164925764085e-01
9.638190954773868668e+00 2.223298914015809537e-10 1.418199022795587361e+01 5.772514195071820620e-01
9.678391959798995359e+00 1.557059086368729148e-10 1.473415628910871966e+01 4.945013404961971504e-01
9.718592964824120273e+00 9.778718521164451504e-11 1.530782055708505318e+01 4.150161268956126803e-01
9.758793969849246963e+00 5.503881290004581914e-11 1.590382004982047803e+01 3.402739816779566939e-01
9.798994974874371877e+00 2.775364285938993348e-11 1.652302437396975421e+01 2.698097103158146326e-01
9.839195979899496791e+00 1.253499084650689844e-11 1.716633699372625088e+01 2.108779108983247497e-01
9.879396984924623482e+00 5.069662032427885189e-12 1.783469654904197199e+01 1.608970029834242699e-01
9.919597989949750172e+00 1.835620722821688744e-12 1.852907822517153136e+01 1.081129124979779560e-01
9.959798994974875086e+00 5.948840317611235947e-13 1.925049517553848943e+01 5.734302940047222158e-02
1.000000000000000000e+01 1.725133623814870269e-13 2.000000000000000355e+01 1.878492824539833295e-02
