2.739119839492391329e+05 2.586703614407100282e+00
3.453223434202092176e+04 9.665877023505379029e+00
2.053708541379456437e+04 1.226135433523910656e+01
4.450718842986307209e+03 4.158121690947466753e+00
5.425361679752749205e+07 4.823111789679168737e+01
2.252390565839387637e+04 7.866903128823519609e+00
9.324064218915778838e+03 6.977679973185594520e+00
2.634216966561244044e+04 1.297169881696227201e+01
5.494974140943700331e+04 1.696951449574253479e+00
1.995322201837592729e+04 1.013877734918715490e+01
1.068335020867853018e+04 3.757762174523140430e+00
2.525134457329118231e+04 1.283287218518731088e+01
6.703117432488714257e+03 5.576303783127380953e+00
2.148443910708302792e+04 1.425931988989765209e+01
1.394176789050227671e+04 1.106199822590204995e+01
3.587929705388754519e+04 1.144707746362840162e+01
3.540577005685196491e+04 3.868955861432400223e+00
2.316468814429568010e+04 1.257858005861339379e+01
1.756326847481634468e+04 9.380599442477629779e+00
1.242944853904487900e+04 5.131617623355300140e+00
1.393115952319554985e+07 6.400753011026843353e+00
7.684034641353353800e+04 7.307383107883681284e+00
8.423740788206259822e+03 5.508145739337353852e+00
2.829895127473089815e+04 1.922285676394001896e+01
1.402432360396080549e+04 8.992405660733536976e+00
1.656300086631549129e+04 6.893409664965388650e+00
2.812853349715439603e+06 5.532501133491805945e+00
9.721517340196476653e+03 7.560149360451012157e+00
1.401505487855347747e+04 4.046364808211811770e+00
1.991577927130971875e+04 8.847791529040518910e+00
2.405813642618292070e+05 5.486019876707647569e+00
6.816352338602850068e+03 4.031479571122686956e+00
1.183115616329300065e+04 8.596671656848673848e+00
2.976097073905315847e+04 6.741154671677082710e+00
2.100601051833164820e+04 1.215015069866624442e+00
3.329969937618901895e+04 9.519408809621678458e+00
3.064118329429327787e+03 1.751464062015512191e+00
7.725231097988510555e+03 5.750329184334614041e+00
1.332123172223393340e+04 1.388372451082015857e+01
5.333953327010596695e+04 5.004563950939028061e+00
2.951872882229922106e+04 4.416350543586585964e+00
2.709300582908126671e+04 1.063200585808425203e+01
3.402400992772345489e+04 7.376471909623693257e+00
9.973709729295314173e+04 3.754255183887405867e+00
1.002873306477817096e+04 6.131869886900775057e+00
2.021594521775844041e+05 7.030227132699579329e+00
3.479274172067563541e+03 3.078839598701179625e-01
7.682604250229900572e+03 8.118777319507188395e+00
9.415296093992415990e+03 6.012846711003546396e+00
2.022320149923405188e+04 6.871698390486609576e+00
2.360111905999575902e+04 7.547733244594081015e+00
1.404428517646170985e+04 5.809636258327413927e+00
3.801378394267318072e+04 1.448269386766137856e+01
8.302441186867766373e+04 1.023988108077943693e+01
4.264101732020737472e+03 1.469537958192413729e+00
2.624614422293768439e+04 8.209472797295040536e+00
1.270965059337370440e+04 2.479059400391741885e+00
2.417146194170443778e+04 1.435702229032398591e+01
1.963609252980335077e+04 9.961295829928493717e+00
1.511275308304193313e+05 3.570357161862302231e+00
2.849613508676819765e+04 1.447590876911094782e+01
9.927170345576316322e+03 5.248164929985970062e+00
3.026988715670306701e+06 9.381544915997831469e-01
2.456717035511361610e+04 8.558738547522125373e+00
1.280462554830826411e+05 6.889738330546665068e+00
3.553864465089243458e+04 1.031656148377507698e+01
1.722912597922502318e+05 4.600915618679681351e+00
2.828190663619114785e+05 3.777860257129016741e+00
8.692892845508338723e+03 6.794900630036497802e+00
1.123078316267537302e+05 4.740136453768771574e+00
7.249667912861651275e+05 2.260200705817702271e+00
2.310049406763706793e+04 6.770351927571202744e+00
1.082813280399010910e+04 9.470525706236086805e+00
4.417417485302713612e+04 9.778609190394631057e+00
3.043995395726633724e+05 1.613594306406681778e+00
5.479364469040773809e+07 4.809253500207658050e+01
2.042490182710380031e+04 9.237094610096844960e+00
9.739600679878468509e+04 9.198627328192493735e+00
2.594850780340063648e+04 1.406280166263691633e+01
5.327868555926417932e+06 1.874425150578767685e+00
5.033567709870722611e+05 3.088876838901562394e+00
6.253987741638886655e+04 4.228026806618819577e+00
8.311142550220618723e+05 6.074181434717140782e+00
1.556449061861188602e+04 1.038195274650546729e+01
1.486383634234239616e+04 9.588525264709879536e+00
3.766246346780831664e+04 1.052030435408094355e+01
9.447372267512964754e+03 7.604706459439504407e+00
6.201650453791450127e+04 4.269558393585939804e+00
5.518577279310019367e+04 1.017770128847452860e+01
1.026587331835537043e+04 7.377468815414818692e+00
1.103916948516385673e+04 7.909214010149085539e+00
8.969413016565566068e+03 7.710049219414895738e+00
1.988753788790436738e+04 9.046257689130991153e+00
1.265270191881378196e+04 9.237468487365259051e+00
7.625567854734814318e+03 6.337470232149040150e+00
6.209854772244401101e+04 3.400799986250726104e+00
7.223501190998078528e+03 4.216986888115283882e+00
4.601257751073314466e+03 3.891352137438624403e+00
2.675401771361663123e+04 1.080668200617490271e+01
1.233149932142481703e+04 6.080767056189976039e+00
3.570209865970260580e+04 6.398386208420776100e+00
2.237383873887815935e+04 9.719518560779873084e+00
3.239637522737051040e+04 8.494792864942080968e+00
2.466332127331781157e+04 1.536274858166293988e+01
1.924676121449337370e+04 1.052177496065189111e+01
1.863257677310585859e+04 1.020966616186895948e+01
6.784612058291000722e+03 5.219186189025953659e+00
6.380013399290764937e+04 1.086819583862426519e+01
1.094707754373463467e+04 7.067730093335644170e+00
1.439958575389908219e+04 1.023668938986769561e+01
7.376101299810892669e+03 3.688871106919148435e+00
3.332085094928609033e+04 4.884215441405852509e+00
2.025331696438823565e+04 1.491986767471865960e+01
3.560938947493983142e+04 2.456413716896841848e+00
2.463233284885650573e+04 5.282540296411728065e+00
9.655858830705838045e+03 8.957763574029934617e+00
1.494742778484669543e+04 1.073482547946151477e+01
1.152934028778922278e+06 4.743210969132383603e+00
4.219169482641099952e+06 4.782934400667811836e+00
1.794268078364268877e+04 1.898741515422717185e+01
1.631147668338149560e+04 7.206041655098004206e+00
7.588130903258791477e+03 4.384608797085715715e+00
1.613921588549125045e+04 9.436713821007721492e+00
7.826538193182273244e+04 6.578077186232025753e+00
3.342417998847448616e+05 5.437085474685805941e+00
2.671924468621587221e+04 4.856794707655290644e+00
1.278197105584300880e+04 9.698309170544625601e+00
4.754284020647031139e+04 1.263186363251731414e+01
2.427014702530204886e+04 8.850713159510966932e+00
3.059523460373370472e+04 7.081396094073247660e+00
1.539065513882048981e+04 7.773886837902939995e+00
6.556729825752518082e+03 6.760094658300921822e+00
4.584343641041703813e+04 6.137078826903410445e+00
1.356737736989910263e+04 1.371213212622703637e+01
1.704361610849593126e+04 7.792362164832589144e+00
7.845580258990277071e+05 5.110051465442936092e+00
1.019737719087409042e+07 4.235384865245616304e+00
2.670565909896720405e+04 2.922298749539071760e+00
4.094877292793753440e+04 1.374252255303575510e+01
3.639923503917596827e+04 1.829527388187516124e+01
1.212837949240028138e+04 8.095816360401331124e+00
9.425637684293293205e+03 5.170251589554584193e+00
2.594419544112539850e+06 3.558012573894837605e+00
5.311015827866292093e+05 6.059488746483307153e+00
3.424174224504046288e+04 7.935516545828195767e+00
1.457574231743049859e+04 1.088186544359245644e+01
6.296543124037969392e+05 4.291298692649065494e+00
2.311217064563633903e+04 5.374454482774119413e+00
1.362058103109424883e+04 5.842140493008268542e+00
1.957428326261036636e+04 1.426345141362097380e+01
1.283393443319582730e+04 6.605955884233278397e+00
6.691829587998162424e+03 5.353431916687078740e+00
1.912201060589367626e+04 7.840837360535345191e+00
9.359587574561317160e+04 6.677797108122006442e+00
4.218064915393474803e+04 4.099216880399297658e+00
2.155289530357729745e+04 1.362631775620592123e+01
1.169383951719928518e+04 6.832759920490154570e+00
4.162096314003203879e+05 1.016410174352378126e+00
4.888545464926154818e+04 5.947778617254977362e+00
6.278785143413951155e+05 1.208278428212869748e+01
7.979264740425891432e+03 7.157648495487588747e+00
2.017391031106948503e+04 1.213633627227793887e+01
2.396385321409112075e+05 4.637880601798427982e+00
2.726493117398343165e+05 2.293112814201206273e+00
7.727137872042268282e+04 8.122282608455238417e+00
2.523867526848139241e+06 3.202253504581908050e+00
2.610270003313472625e+04 7.987057108168711395e+00
6.530556819982425077e+04 6.075124468659958588e+00
1.175950729959692035e+04 6.290889555037976422e+00
1.950007326189438027e+04 5.099196150229284186e+00
8.600056422216387000e+04 6.572668345163972248e+00
2.794135716138463467e+05 8.944881709475572151e+00
1.950490749460680672e+04 1.057980004064583923e+01
1.301477933040925745e+04 1.030540393429639501e+01
4.185091616479341610e+03 3.644921796118882895e+00
2.385618227593258780e+04 1.548839600552146756e+01
1.078816966419616983e+04 9.696857296403784687e+00
2.489919650598217413e+04 5.898976517963709476e+00
1.834606902178002929e+04 4.218935490995891158e+00
2.587998897337622111e+04 9.351032638193913726e+00
1.313749662713525322e+04 1.090609236805729587e+01
1.644559451643346692e+05 6.530942184061882649e+00
2.515941428791908402e+04 4.440982724028497586e+00
1.637244259046976549e+04 4.442735218561227661e+00
1.472513148533546191e+05 8.644147686745171200e+00
1.260707987235796281e+04 1.364015954340696624e+01
1.691463341172011133e+04 6.820664553876301106e+00
5.540454066153166059e+04 7.896416045189427635e+00
3.798252662357122637e+06 1.552334916021014255e+00
1.471417665262129594e+04 5.888927532510177976e+00
4.681288812603244878e+04 1.272977702616778473e+01
2.572431038097419787e+03 1.647515040186544377e+00
2.058546517483046409e+04 1.229859642294594479e+01
3.398903467805242690e+04 9.867575201374348737e+00
2.744506507594033610e+04 5.094783911216692829e+00
1.092355616572043436e+04 8.586505597688772085e+00
7.989112683999713045e+04 7.226588544725608187e+00
5.160287364427484135e+04 7.411185617885270638e+00
2.097845369587157620e+04 1.599661742952211796e+01
2.292628835154978515e+04 7.662986106530616404e+00
3.983868838159822917e+04 6.428457930097149386e+00
1.957169161810059813e+04 1.211395548753295159e+01
5.340337084875281107e+03 4.877040954568966136e+00
7.554122633260229486e+04 2.476977534722423435e+00
2.545330060685531498e+04 1.284581440279344200e+01
8.004224015013965072e+03 7.766332505576627021e+00
3.711863040748658022e+03 3.360866248547341506e+00
1.402391775858155743e+05 4.757843464631455355e+00
2.180833847914215876e+05 7.043307333003257398e+00
5.461740100465604663e+07 4.830062244420931705e+01
3.015096891133171448e+04 6.394990196516299186e+00
1.047374451228480939e+04 6.434462488353457132e+00
2.506872556414947612e+05 4.848393154291900764e+00
4.686148203866541735e+05 4.935662648445674705e+00
2.750728351501767247e+04 1.125159415071149560e+01
1.979550795537250815e+04 9.986084103219443620e+00
1.489837130362449352e+04 5.898380205335616466e+00
1.439653705768287927e+07 5.135245884456852927e+00
1.706819915988019784e+04 1.032370423535908799e+01
2.867567223787273542e+04 9.922475382471171557e+00
2.686093252578802640e+04 1.496636858398134606e+01
3.533586872988293908e+04 2.873496294362634096e+00
2.104854936367877599e+04 9.993013805878668165e+00
3.123536706497057807e+06 1.621742783632794671e+00
3.027855288919657687e+04 3.871473014809785340e+00
1.080006508919866610e+05 5.910321832178037305e+00
1.913781200043545687e+04 1.045576115143353135e+01
5.478196800797472679e+04 1.267945244737513377e+01
3.062321165281756839e+04 8.118745563217135697e+00
1.952394951273983679e+04 6.759567637127751105e+00
2.231947156799324875e+04 1.040125705273097623e+01
3.585191922145894496e+05 5.297547964681621480e+00
1.909506203743827427e+04 1.115042766473403546e+01
2.955483342713270395e+04 1.237675289540237067e+01
7.215195706817162863e+04 5.859557594046490792e+00
2.292746773687328823e+04 5.108339665219731707e+00
2.577464657552492645e+04 8.141487828538775062e+00
9.046576051755822846e+03 6.191624016240078632e+00
7.791687235215808323e+04 8.093698681132142525e+00
4.936544111838976278e+03 2.864967872305757002e+00
1.303936104687144689e+04 1.000002776496281953e+01
3.378743187319361605e+05 1.732205871129719688e+00
1.032380531146179783e+04 4.986687785618714841e+00
9.915663153317296747e+03 7.477079366017007622e+00
1.182448809478936892e+04 5.737966268663638125e+00
1.583944364271643099e+04 9.359599523180092362e+00
8.088080649144842937e+03 7.264954742364660767e+00
1.126130802235065727e+06 7.426378856431069764e+00
6.326841359177928825e+04 7.838049181058715398e+00
2.453339076452056906e+04 1.308706141972874981e+01
2.318798318048161673e+04 8.148913689785931780e+00
1.616042219389461679e+06 1.567985000942529572e+00
1.243788505966443336e+04 2.932661261615857384e+00
5.795624842157980311e+03 5.225720008963065766e+00
7.651049565172009170e+04 2.358244459771420054e+01
2.708383965512178111e+04 1.057544940942679190e+01
3.972097134433903557e+04 1.827655982020617387e+01
9.447808612051856471e+03 8.546994411725570728e+00
2.033427352380423690e+04 1.447844145331017529e+01
1.389677860116839838e+04 7.342937506809580128e+00
1.100829230808989450e+04 5.359645973213819303e+00
4.249229221513292869e+05 6.680111760264271226e+00
2.509369894541590766e+05 2.154871458649625815e+00
5.828639916246198118e+04 8.994223775093985296e+00
1.256304849001848197e+05 1.081206631002836893e+01
8.929682229042827385e+04 1.787960503775137822e+00
1.340907143861324585e+04 8.070683327072195823e+00
7.731796522236614692e+03 1.723174790525213051e+00
1.015765927106358140e+04 7.094210405098826833e+00
3.391611504067749775e+04 6.553683899430287951e+00
4.284146587665428524e+04 1.090610406138253019e+01
1.593813522588608976e+04 1.005058967962640892e+01
2.788354907566289330e+04 1.597415837237354275e+01
3.874491037161524582e+04 9.520446896769335865e+00
1.067968703110931674e+05 7.386591262747371545e+00
1.094143348875959600e+04 5.583492409419354985e+00
1.405510194027155194e+04 8.097125250889188663e+00
1.286277531666495815e+04 7.940977538305095784e+00
1.861091330163286329e+04 7.420035363358805647e+00
2.287660461844820748e+04 1.046157741768263927e+00
4.233073807699848840e+04 1.224345162008314425e+01
8.892513552112297475e+03 5.435721887492541704e+00
5.437186196643998846e+05 1.550890954050959225e+00
3.610397766784353735e+04 8.793301466643599795e+00
1.136259345980039216e+05 5.578938648453358518e+00
1.664960383641259250e+04 1.017085923921737312e+01
2.874109460207399679e+05 5.195328473064176222e+00
1.133974165779278519e+04 8.580092871322269943e+00
4.000167528398955619e+04 7.600649579317018123e+00
2.195823599327253760e+04 5.799254284868044174e+00
1.866086956585232110e+04 4.934916360967525506e+00
5.256871404574536427e+03 4.341390323179330046e+00
2.782480171246861573e+05 6.157056375768313217e+00
3.367751125743450830e+05 5.631067160482936984e+00
2.880260055623007793e+04 1.413291124839474477e+01
1.143150223547883797e+04 1.100473602039760834e+01
4.124345302760728373e+04 1.116818311451996593e+01
2.303946314508205396e+05 2.765365734945683496e+00
2.643318740022514612e+04 5.783877052843250155e+00
1.660337589894167832e+04 1.400602790145491205e+01
4.560959026171785081e+04 1.386093009029577594e+01
2.653172175275623522e+04 1.293992801668140658e+01
1.347252945939882193e+05 7.603957920479449406e-01
2.058979364348950912e+04 6.760872417888164954e+00
8.457090921419207007e+03 8.661421515654257774e+00
6.625614567705043592e+05 6.752250458441690917e+00
4.039433549871608193e+03 3.833930043207269378e+00
2.753994739868944453e+04 9.546409723798602087e+00
8.404069599594772444e+04 1.053860548231115324e+01
5.660708303008463554e+04 1.638928308591258087e+01
1.185387318669493652e+04 9.787835865190531948e+00
1.397077742135269364e+04 1.015225970455620264e+01
2.721501041579645243e+05 6.737966860796711366e+00
2.533913913667874003e+05 7.744237974876721609e+00
2.298237685325159691e+04 1.044321381994894615e+01
2.762837502646538633e+04 4.735342789245899908e+00
2.680927499357544366e+04 6.789691988956857216e+00
2.743558741905422357e+04 8.948842079048661802e+00
2.014297984639450733e+05 1.444397785031213388e+01
3.184840954516309284e+04 6.156894503042175337e+00
5.038935796150954411e+04 3.375921130200362885e+00
5.446242048224940896e+07 4.743787213505804345e+01
6.411860211773342598e+03 6.852819153770701277e+00
7.609239623949008092e+03 5.657171243135298511e+00
7.796134560271159280e+05 5.998160645176451311e+00
7.564726937272610485e+03 4.576120095439891955e+00
2.871093229759839960e+04 8.819432306687023271e+00
7.340562352525515962e+03 5.837497454649718698e+00
7.488152388355609219e+03 5.829597321254475162e+00
1.357244874322589931e+04 9.994794219267850721e+00
3.401166823189401766e+05 3.705427053067485321e+00
6.799610027127467038e+04 6.459434330287873394e+00
1.354310859446672475e+04 1.135041760424487833e+01
8.503907645347113430e+03 7.454624194133811166e+00
1.240280035007420520e+05 5.240102774682883435e+00
8.625968642618994636e+03 6.165447553937303482e+00
3.165264627730187203e+04 2.386153334551113403e+01
5.966274834884523443e+03 5.875026685679745064e+00
1.434131305097389850e+04 8.242711268770415600e+00
9.431509068195194413e+04 1.385001929908670171e+01
8.680336872360745474e+03 7.762917619162728933e+00
1.671206355586257996e+04 2.088393974629029870e+00
