1.014819999999999936e+03 5.594350511418975103e+00 1.048848505418736643e+01
4.583140000000000327e+03 5.676213248415636237e+00 1.138398365082414365e+01
3.956460000000000036e+03 1.016497197247034201e+01 2.209148366753750281e+01
4.042211000000000240e+03 6.761029950852732284e+00 1.164118723431257330e+01
1.138841999999999871e+03 7.296094485582663935e+00 8.996208763614541581e+00
6.640139999999999418e+03 3.558342494845090354e+00 2.407965371025888501e+01
1.890380999999999858e+03 9.293250726035454434e+00 1.019333407273437153e+01
2.341870100000000093e+06 4.951789594795666716e+00 1.211815322078186696e+01
2.519958999999999833e+03 6.964366312747509724e+00 1.108998137850009691e+01
2.900519999999999982e+03 7.138027121752333670e+00 8.785801670728909940e+00
2.782360000000000127e+03 8.739980130005889691e+00 1.225598902612818542e+01
1.287133000000000175e+05 5.095277805322619535e+00 3.205334670470329002e+02
8.205190000000000055e+02 3.922993419139492843e+00 1.097497759705815845e+01
8.409719999999999709e+04 2.238671073958990565e+00 1.590014288972960514e+02
4.393186999999999534e+04 4.407024386967757223e+00 5.355174665839322756e+01
1.030799000000000160e+04 6.641670616442271857e+00 2.511116139197902797e+01
3.005110000000000127e+03 1.162265906942474025e+01 1.276671772904766300e+01
1.909551000000000158e+03 1.335065948076338138e+01 8.701022064009213963e+00
1.806698000000000093e+03 4.714500587537724385e+00 1.867082034406099567e+01
6.118059999999999854e+04 2.765733942699327930e+00 4.370130392575927658e+02
3.150330000000000382e+03 6.327907436992190604e+00 1.089849134678024001e+01
1.325919999999999845e+03 6.562003563053620425e+00 1.403139144393428417e+01
2.182541999999999916e+03 4.359912578531090155e+00 1.317459906022725136e+01
1.954132000000000062e+03 1.044732269908732647e+01 1.843025392685141384e+01
8.934450000000000500e+02 8.465826779768942600e+00 8.740720363519521641e+00
1.091097999999999956e+03 2.402133100478256011e+00 1.165633507963789128e+01
1.135447000000000116e+03 1.265578791239055922e+00 1.477234913177065501e+01
3.070900000000000546e+03 8.281573819702233052e+00 1.208775969596959143e+01
1.787282000000000153e+03 8.027901436673896995e+00 1.248823802699257257e+01
7.913450000000000000e+04 4.921651011307216272e+00 5.561837022844122203e+02
1.607768000000000029e+03 5.510015516973821192e+00 1.308973868670708285e+01
1.488158300000000047e+06 1.552293289260503695e+00 4.646289986513909753e+03
1.576978999999999814e+03 1.180264955340371635e+01 1.113536091573974751e+01
1.185182999999999993e+03 6.324767832008189039e+00 8.616408456267992122e+00
1.779125000000000227e+03 1.257309130432720501e+01 9.720354836807901577e+00
3.858090000000000146e+03 4.990365377625644250e+00 3.347418933841750999e+01
3.669467000000000098e+03 4.984128784461328898e+00 1.451661089144955952e+01
3.835070000000000164e+03 7.445490861841526531e+00 1.045631517140249755e+01
1.305130999999999858e+03 6.781393834360826212e+00 1.100073298918505671e+01
2.848532000000000153e+03 7.610600014341686759e+00 1.920478752391890254e+01
1.028936000000000149e+03 9.097344700334108580e+00 9.839874144022019209e+00
2.155466000000000349e+03 8.526130144980202274e+00 1.089677716420567677e+01
9.646690000000000964e+02 5.005316466191620073e+00 9.737511604833635204e+00
2.134378999999999905e+03 8.324633533883565306e+00 1.646687400083401087e+01
1.294896999999999935e+03 4.860014609222721660e+00 1.545916920840789466e+01
3.916360000000000127e+03 6.514312798191344456e+00 1.167259438261744187e+01
8.544180000000000291e+04 6.752287894792924128e+00 3.494429915448662882e+02
3.722130000000000109e+03 4.509231986764040911e+00 1.251739844193114237e+01
1.055119999999999891e+03 1.599592037053258764e+01 9.087748755326867212e+00
2.525050000000000182e+03 6.570307054494056942e+00 1.222221151152283625e+01
2.926179999999999836e+03 7.375941243959063698e+00 1.407296156203857507e+01
1.620525999999999840e+03 6.942724058419316613e+00 1.243909969718612452e+01
5.132649999999999636e+03 1.378335221257243681e+01 1.484664576708811623e+01
1.115783999999999878e+03 6.620325725756532442e+00 9.318581130382876054e+00
3.916809999999999945e+03 7.742774905977436006e+00 1.493698847535137020e+01
3.432780000000000200e+03 1.027995576438288161e+01 3.062643556319596527e+01
3.146724999999999909e+03 6.317403910102618703e+00 1.682372344975744838e+01
1.430071999999999889e+03 3.745299442651184307e+00 9.299367709421829886e+00
3.923162000000000262e+03 2.233623712949903251e+00 1.426461726589237777e+01
2.005952999999999975e+03 4.487912232972750104e+00 1.902544939384131339e+01
3.269219999999999345e+03 9.946125659961088772e+00 1.894471677049494929e+01
4.581399999999999636e+03 6.383569688261368391e+00 9.675059625769659277e+00
3.052929999999999836e+03 6.949695219538771340e+00 9.900791278517258931e+00
1.116051699999999983e+04 4.845642238441124405e+00 2.069517325182862066e+01
5.515790000000000146e+04 5.040116267569310082e+00 7.199886439780048875e+01
1.319293999999999869e+03 4.165944789906614432e+00 1.303989000977633417e+01
8.939920000000000073e+03 8.364988106074688901e+00 9.534545837990448192e+00
2.795090000000000146e+03 8.694909918415298478e+00 1.624785672170894912e+01
2.476173999999999978e+03 4.659824022594490245e+00 1.436861854096269830e+01
6.305570000000000618e+03 6.036278542954698345e+00 2.033148149543206529e+01
1.461251000000000204e+03 7.097935471803587859e+00 1.054428252043865122e+01
1.115737899999999900e+04 1.047410594157821784e+00 1.034545252995170301e+02
1.654519000000000005e+03 9.056395657602211102e+00 1.151551391079832065e+01
1.061482999999999947e+03 4.030898189360192951e+00 8.357494328562045993e+00
1.686176000000000158e+03 7.285342568562061416e+00 9.970923539639798605e+00
1.828967999999999847e+03 9.897467511584977728e+00 1.309580010280482831e+01
6.170970999999999913e+04 3.579204348383162149e+00 4.842136400978292698e+01
1.853228999999999767e+06 1.874918283196607582e+00 3.021709595503985383e+03
1.685445000000000164e+03 7.245396120807778395e+00 1.584682792689655173e+01
1.155592000000000007e+04 4.408387206955366899e+00 5.095849243099910097e+01
7.608499999999998545e+04 5.961964526944107945e+00 1.798405203196799107e+02
1.064231999999999971e+03 1.810082317198847335e+01 1.028964595370819879e+01
1.768510999999999967e+03 1.248638442184655695e+01 9.347654930339762913e+00
1.677843999999999824e+03 5.520908150561616878e+00 1.646415470638701350e+01
2.764389999999999418e+03 6.389597755204888152e+00 8.305957680432161538e+00
1.341217999999999847e+03 5.628240910244994843e+00 1.159557294973844677e+01
7.710979999999999563e+02 7.315913651095248049e+00 8.864564563866343505e+00
1.427531799999999930e+05 6.887467778068570468e+00 3.776193527914885095e+01
5.615020999999999913e+04 6.525755264114936338e+00 1.177969750841238010e+02
1.583675999999999931e+03 1.104433736620830864e+01 1.115355010472981334e+01
2.634073000000000320e+03 6.576428702477789656e+00 8.904669530869883332e+00
1.547899000000000115e+03 5.079392217433088774e+00 1.282243446356619820e+01
1.172219900000000052e+04 5.528761194280179758e+00 9.360905927281871541e+00
4.080250000000000000e+03 7.458579498375426553e+00 1.583509690687167470e+01
1.027499000000000024e+03 6.871518232597447984e+00 9.274866228870083162e+00
1.582700000000000045e+03 5.264733688120078803e+00 1.045640262884940519e+01
2.265119999999999891e+03 1.085881643213883763e+01 1.082608451574997233e+01
3.050400000000000091e+03 7.993598730253147266e+00 2.015650627845310083e+01
1.745356999999999971e+03 6.408047761395223141e+00 9.627784541640913574e+00
2.602148000000000138e+03 4.655080660325833897e+00 8.826475574226655851e+00
1.232671000000000049e+03 6.832683041707956484e+00 8.053220072293672871e+00
2.480668000000000120e+03 9.728348621006556840e+00 1.248065830542962118e+01
1.274985000000000127e+03 1.485826266298439613e+01 9.020207670268268529e+00
3.607100000000000364e+03 5.350304767863810262e+00 1.791929899301169016e+01
9.303089999999999691e+02 7.257380787261928923e+00 8.439159392040048502e+00
1.399423899999999958e+04 3.425644645942809596e+00 2.505419047505439067e+01
1.845814000000000078e+03 7.836628007333034773e+00 1.835849389451643887e+01
6.712189999999999600e+03 2.974369850774170043e+00 8.751429670701813279e+01
3.994259999999999764e+03 9.724473488387150866e+00 1.024562900979923619e+01
3.855009000000000015e+03 5.882071297627547324e+00 1.302631696953539908e+01
5.025816999999999098e+04 5.673153132833414602e+00 1.131076228835994471e+02
1.601604000000000087e+04 6.720375601317502223e+00 1.990453312854561929e+01
3.321173999999999978e+03 1.105050971640123691e+01 1.568092336526857622e+01
1.851649999999999864e+03 1.330627889334976643e+01 1.387648681600918898e+01
2.335750000000000000e+03 1.132904741269877924e+01 1.177083613042761101e+01
1.294896999999999935e+03 4.668189133567513416e+00 1.171791069177873190e+01
4.240880000000000109e+03 5.300578454321596134e+00 2.491472201045075963e+01
1.230408000000000029e+05 3.088173498277470674e+00 4.945552235674009012e+02
3.153109999999999673e+03 4.914787948532890915e+00 1.158435461298071623e+01
2.067648999999999887e+03 1.092977550722721247e+01 8.493240026082057526e+00
4.665960000000000036e+03 5.323460485801636111e+00 2.266940872115445060e+01
2.063908999999999942e+05 1.016611054681891391e+00 1.526218017362204591e+03
1.982886999999999944e+03 8.649646653876169822e+00 9.753446664847785996e+00
1.333903999999999905e+04 2.772597540962693952e+00 1.551683184736186050e+01
2.098369999999999891e+03 5.488586016063231376e+00 9.525906682175943274e+00
4.747899999999999272e+04 5.031323090941254073e+00 1.097544021255493760e+02
1.492957000000000107e+03 5.313893326164593311e+00 1.326506859391716020e+01
1.980404999999999973e+03 5.276251891704444752e+00 1.127949169496072912e+01
2.662691000000000713e+03 3.066630623280733325e-01 1.536984932145289520e+02
1.432198999999999842e+03 8.296356031823536981e+00 9.416322394516274841e+00
2.898310000000000400e+03 6.909750566303205055e+00 2.067646548781436522e+01
5.734979999999999563e+03 7.957390815325526390e+00 1.797931755948695098e+01
1.191394000000000000e+06 1.621750524502827417e+00 7.036875481515683532e+03
1.103991000000000213e+03 1.089992365368869010e+01 9.940322397831531376e+00
1.766711000000000013e+03 1.412665860987954325e+00 1.819964495311053199e+01
5.513648999999999432e+03 2.025333452631264297e+00 2.098620356555306543e+01
9.793960000000000719e+02 3.690263449871637569e+00 8.633593748898755749e+00
5.296984000000000378e+03 6.509697162739584542e+00 1.605923856875993394e+01
1.866341999999999871e+03 1.214394994549741824e+01 1.229513581128208344e+01
1.778447999999999865e+03 7.401257641784536823e+00 8.173727172653167727e+00
1.167545000000000000e+05 1.607129720326900824e+00 2.060831810583567574e+02
1.619295999999999822e+03 7.892833268816804804e+00 1.058777294504282018e+01
1.154676999999999907e+03 1.107450407020414040e+01 9.282580999853335513e+00
9.043489999999999782e+03 6.365668610137413808e+00 2.369017681682399612e+01
4.634550000000000182e+03 1.051751104694375805e+01 1.246799274022607484e+01
5.418739999999999782e+03 4.561681276136710039e+00 1.252564232942032518e+01
2.239739999999999782e+04 6.341840354361274912e+00 1.369221210803539464e+02
1.496800000000000182e+03 5.225337366002790418e+00 9.981747090055719696e+00
3.754650000000000546e+03 9.964564839533739615e+00 2.444744096304184566e+01
1.404485000000000127e+03 5.916628549993538044e+00 8.245970376919727229e+00
1.766853200000000288e+04 5.425620372869913055e+00 3.402950783231296583e+01
1.701905999999999722e+03 1.136482872439590786e+01 1.534675477640242214e+01
9.616569999999999709e+03 9.009402475752052553e+00 2.249157168259031181e+01
2.126037000000000262e+03 1.093164673545422083e+01 1.123131254578798277e+01
2.385329999999999927e+03 9.246871010434864147e+00 1.159448265128065003e+01
1.521760999999999740e+03 6.245762725667172610e+00 9.224465537390310388e+00
6.116452999999999520e+03 3.108776594281113859e+00 8.740106824677877029e+00
1.066354999999999927e+04 6.130545507546987238e+00 3.113401562009966383e+01
1.127937999999999874e+03 5.746606197604359423e+00 9.171939590373490603e+00
1.051844000000000051e+04 2.363785060333762900e+00 3.855846040415503495e+01
2.225350999999999767e+05 2.257683376037399992e+00 5.488496311373424987e+02
1.346199000000000069e+03 1.276110513122827417e+00 1.622261258242139448e+01
4.364199230000000680e+05 5.445050809085331345e+00 8.158298092900895426e+01
9.276079999999999472e+02 1.067550116511625724e+01 9.201532665146556766e+00
2.048442000000000007e+03 7.085421792847676592e+00 1.084619042499538288e+01
2.264700000000000364e+04 2.335459091279992183e+00 1.042054013256447007e+02
1.945825999999999794e+03 9.057004177542097523e+00 1.086128874743079820e+01
2.713239999999999782e+03 7.512903469669559797e+00 1.039932827513949221e+01
1.127576000000000022e+03 4.944738949912007797e+00 1.237765379853092185e+01
2.969019999999999982e+03 8.275564828445117982e+00 2.087275772927010919e+01
7.654327000000000407e+04 7.600182346487615037e-01 6.204962434105260627e+02
4.550779999999999745e+03 1.144086784382036193e+01 9.405678716143659912e+00
8.006208700000001409e+04 2.134855968261989201e+00 5.836761831191207506e+01
1.394229000000000042e+03 4.182140810627982930e+00 1.719056242315921423e+01
2.040137999999999693e+03 6.303627374104602055e+00 1.277169822943215749e+01
1.895882999999999583e+03 8.264389188855204793e+00 1.449978866073545447e+01
1.471748000000000047e+03 6.437732757559986752e+00 1.102946304502265207e+01
1.725166000000000167e+03 6.141169053470769690e+00 1.407713767624010792e+01
3.780650000000000091e+03 5.800533796403412268e+00 1.154999622971098283e+01
2.409623999999999796e+03 8.399414167856189550e+00 9.753088929976776456e+00
4.262896999999999935e+03 9.639109719810861066e+00 1.054697929963111136e+01
2.866913000000000011e+03 1.692341666447894966e+00 2.546581855326151356e+01
2.131116999999999825e+05 1.551332726659092609e+00 6.525365109511316177e+02
1.895073000000000093e+03 7.212387491663036165e+00 9.862416135498172309e+00
6.004408000000000902e+04 4.950658531703360232e+00 5.014114869127917729e+01
1.028253000000000156e+03 1.130428566225128684e+01 1.133210692131166653e+01
2.236150000000000000e+04 3.458861307921223815e+00 4.146025079630722132e+01
4.645660000000000764e+03 4.900358202290584053e+00 1.753584472193796273e+01
1.983364000000000033e+03 9.578194428641250369e+00 8.416102864677750262e+00
3.571020999999999913e+04 6.732843907714835652e+00 3.186341012190023392e+01
4.283708499999999913e+04 4.853133449412380784e+00 6.493742190739482112e+01
1.333232000000000198e+03 2.703578972718610807e+00 1.239490677737114765e+01
1.424782000000000153e+03 5.054458010350495911e+00 1.009116017427608547e+01
1.251026000000000067e+03 7.728688737539979314e+00 8.130587297271969049e+00
2.976724899999999980e+04 6.334216892396779208e+00 2.210235346877410478e+01
1.354355999999999767e+03 4.702821757264613822e+00 1.251727657532476279e+01
7.164970000000000255e+03 1.058385045200507157e+01 5.493764759441150858e+01
8.884750000000000227e+02 6.380133577657503885e+00 9.559890903551430341e+00
3.067579999999999927e+03 1.008037284017049728e+01 2.322719048024613997e+01
5.410809999999999491e+03 5.151283032650692206e+00 1.591917938360798246e+01
3.146210000000000036e+03 5.285323211315643199e+00 9.663049956131414930e+00
2.909989000000000033e+03 4.619989520257472115e+00 1.851961465100967175e+01
1.948100000000000000e+06 4.234399276011459712e+00 1.444757639499291827e+03
2.342853999999999814e+03 6.270752944753583691e+00 1.676650891912851904e+01
7.632713999999999942e+03 3.629045076710248896e+00 1.858939878844613247e+01
2.450832000000000335e+04 4.683474810143763989e+00 5.540854670412628025e+01
1.110375999999999976e+03 1.121594607686514600e+01 8.786635512597928965e+00
6.282920000000000000e+05 3.129564232655520417e+00 8.720702959568028518e+02
3.683331000000000131e+03 6.122299504775608803e+00 1.243401326607401103e+01
1.667747000000000071e+03 6.274179280616078103e+00 8.076865767136345298e+00
1.237406000000000176e+03 5.468301270057364327e+00 8.691586414083605661e+00
3.737059999999999945e+03 6.061193106414662246e+00 1.423824781920947835e+01
1.112739400000000023e+05 6.003798341831487306e+00 1.077479745951417840e+02
2.278894999999999982e+03 8.858751386362877511e+00 2.173654399776598822e+01
7.113356999999999971e+03 6.681533435642032615e+00 1.182413063760803951e+01
1.544764000000000124e+03 8.615104918211379470e+00 9.335538720432822402e+00
1.174471000000000058e+05 6.076060144636370453e+00 4.923902472545329942e+02
2.041556000000000267e+03 6.536712136008684837e+00 1.359760619461242470e+01
3.522848000000000411e+03 7.105453644239294597e+00 1.421406082470829801e+01
5.129479999999999563e+03 8.097308796539062214e+00 1.405996527860614265e+01
1.999088000000000193e+03 8.322764247294397677e+00 1.064520788374847271e+01
1.624449000000000069e+03 7.654281790481737069e+00 1.313605703155480064e+01
1.614369199999999910e+04 8.120943370038093079e+00 2.138201780914534922e+01
1.290445000000000164e+03 6.955065975000300327e+00 1.158222480541404131e+01
6.293100000000000000e+05 1.567951558988260441e+00 2.429890675162261687e+03
8.850259999999998399e+03 7.800189171680154132e+00 2.175901271960001537e+01
9.811117000000000189e+03 2.597354479589200071e+00 1.978764147519273209e+01
2.357069000000000415e+03 1.032499334931770640e+01 9.314751799645835106e+00
1.867682999999999765e+03 5.849841200469968250e+00 1.038993098434738727e+01
7.232569999999999709e+04 3.702042499231045891e+00 1.897729580436559615e+02
1.067900000000000091e+03 9.709827135189057046e+00 8.409208741710997970e+00
9.221450000000000955e+02 3.537735314103537032e+00 1.114194458645035191e+01
2.347426200000000186e+06 5.128828976641468529e+00 1.550778831690326172e+02
3.520451000000000204e+04 6.752597224926240038e+00 3.118073537976688669e+01
1.044471700000000055e+04 4.096808479091528454e+00 2.705079342945085585e+01
1.038740000000000009e+03 3.284923277155102905e+00 8.987857912799544380e+00
4.244320000000000437e+04 4.646051102576993941e+00 1.002179602622825030e+02
1.677844000000000051e+03 7.089549687390540811e+00 8.437234882299105010e+00
3.193233000000000175e+03 9.883256141313072618e+00 8.492388214772681465e+00
6.290379999999999200e+03 4.278950933631140430e+00 2.802552521862974189e+01
1.622621000000000095e+03 7.629949797225215491e+00 1.151953066996178521e+01
5.485398999999999432e+03 5.589797542949437315e+00 1.328505207914429498e+01
3.425802999999999429e+03 1.093032835113726620e+01 8.963992541687986204e+00
3.986234100000000035e+04 5.994456981537059193e+00 1.598620243163010102e+01
2.049464199999999983e+04 1.675636006331347350e+00 6.603126976607696008e+01
3.704190000000000055e+03 8.185008446577251462e+00 1.580583918118206910e+01
1.700698000000000320e+03 1.158424871701831727e+01 8.440964162234038781e+00
1.242190999999999985e+04 5.916098791648253474e+00 7.553650418221748453e+01
2.210509999999999764e+03 1.091622371353687804e+01 1.313459737504560998e+01
1.965180000000000064e+03 8.468570965829544051e+00 2.010205301254463706e+01
7.458936779999999562e+05 4.656400318186333820e+00 9.348376081772154578e+01
1.112548999999999978e+03 7.493851309166897678e+00 1.050154880288671322e+01
2.991563999999999851e+03 8.546641306693526730e+00 1.331828111343761378e+01
1.531213999999999714e+03 1.178184109969317994e+01 8.711282032338957038e+00
1.715982000000000198e+03 4.785300209569869345e+00 1.076572316623209780e+01
2.458322000000000116e+03 5.837771187971712905e+00 8.672189493780512848e+00
1.596099999999999909e+03 8.985743476125621854e+00 1.252241056380523077e+01
1.296535999999999831e+03 4.833489433889620379e+00 8.471883490569908304e+00
1.962853000000000065e+03 2.755000019187630045e+00 1.051592178966077817e+01
3.270909999999999854e+03 6.971042405375428963e+00 2.136040716545945983e+01
1.296544899999999689e+04 7.212308658832816022e+00 2.789208618560076758e+01
1.173567999999999984e+03 4.083707529472190068e+00 8.635432510094734226e+00
9.478430000000000291e+03 1.214176153731274965e+00 5.750469776482814410e+01
1.260579299999999967e+04 3.919736115858513337e+00 3.088508067347384767e+01
3.305133000000000175e+04 3.567595577728457812e+00 8.595897152329206392e+01
2.691296999999999753e+04 6.465334968290103568e+00 2.617273674911028891e+01
8.399081000000000131e+03 5.901835873573895164e+00 1.084084722585012628e+01
1.553217000000000007e+04 7.091112045614484494e+00 2.622878260084540614e+01
2.066932999999999993e+03 8.489443428749808618e+00 1.317199385894508623e+01
9.485850000000000364e+02 1.228649660553973888e+01 9.992661791708082220e+00
1.193252399999999761e+05 4.276369461815669126e+00 8.413142820038157765e+01
9.745619999999998981e+03 8.657274410907080053e+00 1.570880668155748161e+01
3.541040000000000418e+03 2.512027967638679193e+00 2.888841442417454530e+01
1.323391000000000076e+03 5.028872960568704364e+00 8.703893288265392769e+00
1.410130000000000109e+03 9.169251945298569240e+00 1.428350191343224829e+01
2.243880999999999858e+03 1.024248039210013950e+01 1.023372695192454529e+01
4.396818000000000211e+03 6.962540351375161585e+00 1.527845912537458695e+01
1.245913999999999987e+03 9.679500411567710572e+00 1.161208062898466764e+01
1.081013999999999896e+03 1.103280894337791729e+01 8.957531584426069671e+00
1.561795000000000000e+06 9.381461066838117091e-01 7.842689291353427507e+03
2.598726599999999962e+04 6.741411526991782921e+00 1.414569853135910549e+01
1.228323000000000093e+03 6.365936255222009343e+00 1.413952091442653369e+01
1.977239000000000033e+03 6.102296863906478741e+00 2.037315934748059831e+01
2.092867999999999938e+03 4.099325547036237083e+00 1.651605646743111322e+01
2.847056000000000131e+04 7.863832764122445695e+00 3.526492911900743366e+01
1.514140000000000100e+03 4.561271624170191608e+00 1.073883206625978382e+01
1.215282999999999902e+03 5.276859150429460854e+00 8.939985362978109862e+00
1.746916000000000167e+03 1.249693222110235524e+01 8.215648320914514358e+00
2.010396999999999825e+05 4.734878733609586554e+00 3.385847655680731236e+02
3.437600000000000364e+03 6.232967467524677119e+00 2.960701079234608812e+01
1.882208000000000084e+03 1.277138640945904413e+01 1.137769854930930968e+01
1.151515999999999849e+03 1.075703563593379997e+01 8.755704411310201607e+00
2.638869999999999891e+03 1.279353093386738216e+01 1.093249052767447438e+01
1.110278000000000020e+03 5.742146889192484061e+00 1.068952479504424424e+01
1.953266199999999662e+04 4.740966738088198795e+00 2.238969985578257393e+01
3.464802999999999884e+03 4.598189678887947274e+00 1.604042973253488569e+01
1.239129700000000012e+05 1.726489815548777340e+00 1.106397070255191579e+02
5.003412999999999556e+03 6.898202722804220421e+00 1.296456711363731529e+01
6.142233000000000175e+03 7.937283720000578136e+00 3.781663498495056075e+01
2.153850000000000364e+03 9.362521607719976657e+00 1.544540895147287252e+01
4.758679999999999382e+03 8.579964473476543674e+00 8.494386422082689236e+00
1.979324000000000296e+03 5.450217417168977896e+00 9.027939414429818399e+00
1.189808999999999969e+03 3.416064823551562935e+00 8.540995383439504707e+00
1.960628999999999905e+03 5.286496381111412290e+00 1.693032074479023308e+01
1.688809999999999945e+03 8.381156537349678359e+00 1.052433007546398436e+01
1.863705999999999904e+03 5.342004610917717500e+00 1.292097991828440406e+01
4.846759000000000015e+03 4.675950433426920405e+00 3.885231757935968488e+01
1.078101699999999983e+04 5.646386016540817288e+00 2.002279362687646014e+01
1.502225999999999885e+03 6.827548647516463731e+00 1.779075399867596374e+01
1.523216000000000122e+03 1.020481140058650205e+01 1.361431722456709537e+01
4.234422999999999774e+03 5.972957617092988336e+00 2.149847624374750055e+01
4.507449999999999818e+03 5.791398913677115345e+00 1.954502847847335900e+01
3.414970000000000255e+03 6.576113201202838709e+00 1.431009896519869429e+01
1.359427999999999884e+03 8.596013979758341250e+00 9.054738066597797896e+00
9.824710000000001173e+02 1.106397155152372846e+01 9.739720062649285026e+00
3.438384999999999764e+03 4.304272745412183632e+00 3.663930522047018457e+01
7.093240000000000873e+04 7.796375390616534062e+00 4.566137382284862412e+01
1.374147999999999683e+03 5.326193308503847312e+00 1.004643422235826833e+01
1.434321000000000140e+03 1.402118544579119863e+01 9.867264044596868899e+00
1.461574000000000069e+03 6.727919740951484151e+00 9.125544875870955863e+00
1.480000999999999976e+03 8.848247879231179169e+00 9.222705218527051940e+00
3.102827500000000146e+04 4.568667392400948657e+00 5.738409904758238156e+01
1.863019000000000233e+03 9.323607344329388980e+00 1.231618380781421962e+01
6.014486300000000047e+05 3.196230923317861627e+00 1.549815313227414606e+02
1.974747000000000116e+04 5.242241606853879965e+00 8.062048029339699440e+01
9.803889999999998963e+02 1.593568448537880222e+01 8.510832029920258890e+00
8.415430000000000291e+03 3.996394380970422322e+00 2.598823139153960682e+01
6.747730000000000473e+03 8.436258624526161043e+00 1.564692878161215361e+01
3.204070000000000073e+04 1.778472911297857673e+00 4.560734314098145603e+01
1.279263499999999840e+04 6.301414785919836170e+00 2.565193773275235500e+01
7.628079999999999927e+03 7.294311203731150606e+00 4.204958085064743045e+01
8.361900000000000000e+04 2.271515900276216637e+00 1.038175158620016987e+02
3.529180000000000291e+03 4.531286713122095300e+00 9.707082326950443374e+00
1.015504999999999995e+03 7.824633047300718403e+00 9.904603700855506787e+00
1.030222000000000116e+04 6.451067450379290413e+00 2.660496782421317619e+01
2.119438999999999851e+03 8.641851566460552192e+00 8.866916725702367330e+00
3.880569999999999709e+03 8.605359890155275693e+00 1.154267907233611545e+01
8.873920000000000528e+02 1.115556024318625994e+01 9.393771883317107552e+00
2.412690000000000055e+03 1.072613312023686838e+01 8.399892484202139187e+00
6.959589999999999236e+03 6.023940494360985554e+00 2.631361367516799277e+01
4.469840000000000146e+03 4.497657143772419985e+00 1.526200768906041816e+01
1.612871699999999873e+04 5.696634257805825996e+00 4.990113999535151379e+01
