2.398054000000000087e+03 1.099639999999999951e+01 1.011529857167657909e+01
8.662599999999999909e+02 1.099600000000000044e+01 9.399436672646885427e+00
1.755459899999999834e+04 3.123610000000000220e+00 3.580610455120530133e+01
2.191721999999999753e+03 6.426210000000000200e+00 9.883627242115707645e+00
3.305280000000000200e+03 5.176409999999999734e+00 2.730200396219545667e+01
1.085834999999999809e+03 1.207220000000000049e+01 9.835829523148902354e+00
3.365458000000000538e+03 9.998910000000000409e+00 1.415649257830492935e+01
2.127780999999999949e+03 9.382039999999999935e+00 9.946532264697722781e+00
1.401701999999999998e+03 1.063320000000000043e+01 1.076283011673964651e+01
3.665519999999999982e+03 1.061890000000000001e+01 2.185386024334232857e+01
1.635673000000000002e+03 1.341680000000000028e+01 9.100644159532279787e+00
8.209050000000001091e+03 7.248370000000000424e+00 1.213087313850877180e+01
7.011588999999999942e+03 9.998269999999999769e+00 2.936066371596636770e+01
2.526395999999999731e+03 8.171250000000000568e+00 9.992761045285005750e+00
1.162303999999999860e+03 9.691819999999999879e+00 8.314101470804468264e+00
2.622309999999999945e+03 7.231939999999999813e+00 8.083527278088354251e+00
2.440507999999999811e+04 2.675829999999999931e+00 6.553706451230821983e+01
3.955634599999999773e+04 6.420160000000000089e+00 1.562520029410181266e+01
2.445549999999999727e+03 1.019079999999999941e+01 1.012072780029316554e+01
1.558558999999999742e+03 8.971650000000000347e+00 9.026484894091774791e+00
4.579600000000000000e+04 5.165429999999999744e+00 9.217547416800672977e+01
3.438386000000000058e+04 2.687609999999999832e+00 4.362357754334529858e+01
1.111760999999999876e+04 4.903089999999999726e+00 2.169349718165084440e+01
1.787623000000000047e+03 4.900260000000000282e+00 1.476523900625605457e+01
1.763604999999999791e+03 7.481760000000000410e+00 1.032870039647327864e+01
1.785258000000000038e+03 1.046589999999999954e+01 9.281464080617348955e+00
1.542430000000000064e+03 7.475389999999999979e+00 1.095296109933602047e+01
8.081430000000000291e+02 3.701989999999999892e+00 1.055029783266718724e+01
2.217847999999999956e+03 9.250669999999999504e+00 8.995245737601486269e+00
1.687704199999999764e+04 4.148629999999999818e+00 1.210037599052085433e+01
1.589334500000000116e+05 4.709089999999999776e+00 6.599629036378973979e+01
5.187250000000000909e+03 3.743720000000000159e+00 1.068608454760669346e+01
2.346030999999999949e+03 5.135510000000000019e+00 1.036690379515469296e+01
3.587009999999999309e+03 8.252760000000000318e+00 2.760499344359750395e+01
2.148900000000000091e+03 9.689470000000000027e+00 1.195415686009686951e+01
1.426180000000000064e+03 6.429420000000000357e+00 1.347240316794186832e+01
1.725560999999999694e+03 1.037599999999999945e+01 8.935302005787827184e+00
3.936480000000000018e+03 8.042630000000000834e+00 1.143799792693281958e+01
3.477319999999999709e+03 7.492810000000000414e+00 1.078941891543770559e+01
4.857143999999999323e+03 6.416479999999999961e+00 1.124810787236225273e+01
1.100451599999999962e+04 4.118360000000000021e+00 2.622278018976379244e+01
3.063869999999999891e+03 7.483609999999999651e+00 2.157424273634597967e+01
1.075088999999999942e+03 8.254720000000000724e+00 1.269089939958622359e+01
1.059939000000000078e+03 1.292559999999999931e+01 1.065497809110944516e+01
1.264521000000000186e+03 7.481569999999999609e+00 1.026617660042251856e+01
2.196273999999999887e+03 1.284660000000000046e+01 1.186987703988652676e+01
5.463720000000000255e+03 6.644300000000000317e+00 1.228878910274423575e+01
2.778971999999999298e+03 1.098750000000000071e+01 1.209332506512888727e+01
2.438769999999999982e+03 9.679850000000000065e+00 9.221580695164409036e+00
3.415480000000000018e+03 5.550440000000000040e+00 1.657805767949950848e+01
1.798930000000000291e+03 8.253989999999999938e+00 8.539508511954849723e+00
4.198575199999999313e+04 6.420609999999999928e+00 3.075388469493403321e+01
3.776531000000000495e+04 3.863420000000000076e+00 4.677054598957136022e+01
1.304585000000000036e+03 9.684779999999999944e+00 1.150507340410706192e+01
2.469508000000000175e+04 3.609989999999999810e+00 1.032680476897356385e+02
3.008867669999999925e+05 3.412760000000000016e+00 6.768850155622148179e+01
2.739858000000000175e+03 8.233219999999999317e+00 8.624359418347323114e+00
1.635780000000000200e+03 9.545629999999999171e+00 1.416621960408773973e+01
2.489609999999999673e+03 9.690300000000000580e+00 1.395837728041273884e+01
3.464802999999999884e+03 4.868879999999999875e+00 8.425701783919153698e+00
2.140176999999999680e+03 9.381850000000000023e+00 1.228649865145198739e+01
1.124976699999999983e+04 7.736509999999999998e+00 8.917453092339458820e+00
2.702359999999999673e+03 7.588510000000000311e+00 1.104482852916959068e+01
1.174598999999999978e+04 6.644409999999999705e+00 1.213536455035156614e+01
1.035730999999999913e+05 6.210169999999999746e+00 3.664316617458682117e+02
1.751661000000000058e+03 1.543560000000000088e+01 1.098449376775623598e+01
5.080500000000000000e+03 6.928679999999999950e+00 2.663019905389599273e+01
1.126563000000000000e+06 3.741680000000000117e+00 2.499014150848483951e+03
6.428369999999999891e+03 1.133929999999999971e+01 1.762674933925877596e+01
1.258614000000000033e+03 6.215309999999999668e+00 1.303400538901962946e+01
4.134800000000000182e+03 6.217290000000000205e+00 1.512719202550447761e+01
3.004158300000000236e+04 4.454200000000000159e+00 2.911748637723226096e+01
2.231029999999999745e+03 8.799149999999999139e+00 8.034798052193162121e+00
2.913749999999999545e+03 5.369069999999999787e+00 1.411551602233491565e+01
1.041916000000000167e+03 1.134159999999999968e+01 9.286635379677631974e+00
1.162237999999999829e+03 8.791719999999999757e+00 1.274880225877252471e+01
8.068085999999998603e+05 4.891200000000000436e+00 4.737927431620508969e+02
1.723288999999999942e+04 5.863400000000000389e+00 7.907634641830229327e+01
1.429265999999999985e+04 7.480780000000000207e+00 1.411064006642140356e+01
1.377080999999999904e+03 8.517379999999999285e+00 8.843571676527565373e+00
6.994489999999999554e+02 9.384470000000000312e+00 8.171983288470835660e+00
1.984584000000000060e+03 5.186460000000000292e+00 1.776466858141205307e+01
1.661522000000000162e+03 7.246719999999999828e+00 1.572362020828729356e+01
1.228256000000000085e+03 6.580739999999999590e+00 9.276582433458456123e+00
4.355779999999999745e+03 7.734960000000000058e+00 1.787139712678693115e+01
3.076720000000000437e+04 7.732879999999999754e+00 1.321413333651016160e+02
4.470318000000000211e+03 4.155280000000000307e+00 2.014025621314821635e+01
4.841259999999999854e+04 4.804540000000000255e+00 6.831422791676783390e+01
2.415613000000000284e+03 1.065060000000000073e+01 1.375382567375756970e+01
6.113330000000000000e+05 4.900940000000000296e+00 5.620391477383107031e+02
5.907745000000000437e+04 4.306300000000000239e+00 4.304964987663071696e+01
1.656739099999999962e+04 8.801650000000000418e+00 1.013150394092028428e+01
4.025380000000000564e+03 6.208070000000000199e+00 8.907252958663056219e+00
2.544657999999999902e+03 7.490840000000000387e+00 1.788569079421881725e+01
1.008854999999999905e+03 1.284559999999999924e+01 9.530676408111117937e+00
1.135983000000000029e+05 2.366649999999999920e+00 3.734291410209283981e+02
8.474820000000000846e+02 6.164450000000000429e+00 9.449269101089400991e+00
2.883954999999999927e+03 9.381930000000000547e+00 8.233126859172525513e+00
5.808439999999999600e+03 5.366900000000000226e+00 1.685417668170921957e+01
5.785523999999999432e+03 6.643580000000000041e+00 8.863411079725915798e+00
8.699240999999998166e+03 3.118559999999999999e+00 4.520652800474628208e+01
2.342309999999999945e+03 4.155210000000000292e+00 1.477689516448536722e+01
8.161260000000000900e+02 4.520679999999999588e+00 8.450887391985409280e+00
3.354284000000000106e+03 5.519510000000000360e+00 1.023233806395442969e+01
7.736067999999999302e+03 8.527979999999999450e+00 3.517862594961993494e+01
5.388333000000000175e+04 3.739380000000000148e+00 5.529616191466627839e+01
1.236650000000000000e+04 7.735890000000000377e+00 2.202497191757069217e+01
8.049439999999999600e+03 7.245250000000000412e+00 1.941716489890726294e+01
4.044059999999999491e+03 4.306370000000000253e+00 2.181928498078952927e+01
1.261952000000000226e+03 5.790899999999999714e+00 1.547509369058184525e+01
1.155253499999999985e+04 9.381740000000000634e+00 1.441152515330374762e+01
1.550773999999999887e+03 3.702069999999999972e+00 1.253474577959742042e+01
9.762150000000001455e+02 3.287679999999999936e+00 8.077732559865046014e+00
1.554146999999999935e+04 6.430519999999999570e+00 4.705713069712741259e+01
1.326372000000000071e+03 1.065049999999999919e+01 8.793309719393576529e+00
2.203058699999999953e+04 7.732359999999999900e+00 2.364558054319915925e+01
1.193757000000000062e+03 3.092929999999999957e+00 1.175095333845859891e+01
2.485663999999999760e+03 5.368290000000000006e+00 9.439366777432098843e+00
1.291409999999999854e+03 1.168350000000000044e+01 9.353239204600525269e+00
7.438640200000000186e+04 1.997490000000000099e-01 1.201241531477813169e+03
2.104500000000000000e+03 8.160600000000000520e+00 1.301295962884008617e+01
1.187543000000000029e+04 7.733909999999999840e+00 3.855595623620484247e+01
1.918046000000000049e+03 6.968160000000000132e+00 8.493207962508515507e+00
1.479242000000000116e+05 2.281650000000000067e-01 4.497369565568268627e+03
5.734077000000000226e+03 3.489689999999999959e+00 2.046670942752748701e+01
3.032970000000000255e+03 8.253019999999999357e+00 1.167119355777540335e+01
3.613129999999999654e+03 7.472889999999999588e+00 9.675454798405850099e+00
3.953970000000000255e+03 4.701270000000000060e+00 4.211386175773420604e+01
2.067443999999999505e+03 8.240930000000000533e+00 1.303358237782456541e+01
2.395556000000000040e+03 9.380010000000000403e+00 8.193281451688038786e+00
3.022519999999999982e+03 9.690939999999999444e+00 1.174304454003435616e+01
1.091097999999999956e+03 2.692989999999999995e+00 1.566151677457312630e+01
2.679322000000000116e+03 6.911959999999999660e+00 1.243829776801701392e+01
2.749660999999999603e+03 5.368940000000000268e+00 1.192426017446106101e+01
1.122361999999999853e+03 7.491880000000000095e+00 1.233259700085302590e+01
1.342434999999999945e+03 9.382939999999999614e+00 1.232177518399257821e+01
4.743216000000000349e+03 7.736539999999999750e+00 9.473515557536490661e+00
6.772365000000000691e+03 8.528169999999999362e+00 9.548842649751904332e+00
1.478915999999999940e+03 8.249420000000000641e+00 9.269143800437493752e+00
9.860520000000000209e+02 9.690780000000000172e+00 8.814683981708663296e+00
1.772076999999999771e+03 1.063470000000000049e+01 1.241919335965602578e+01
6.641059999999998581e+03 5.551910000000000345e+00 4.178153205348235133e+01
1.746305000000000064e+03 1.063349999999999973e+01 1.319040932528947607e+01
3.717040999999999622e+04 6.427120000000000388e+00 1.729184446389571690e+02
4.077159999999999854e+03 8.802799999999999514e+00 1.484569297008824584e+01
1.750818000000000211e+03 7.475360000000000227e+00 9.832591413999773877e+00
1.468507200000000012e+04 4.154480000000000395e+00 4.384254273743911767e+01
5.257320000000000618e+03 9.380929999999999325e+00 1.278129814981743628e+01
2.372339000000000306e+04 4.789089999999999847e+00 5.061501115757268821e+01
3.484715999999999894e+03 8.492689999999999628e+00 1.977697397427396098e+01
7.719258999999999651e+04 2.090619999999999923e+00 1.459093100072684592e+02
2.379728999999999814e+03 1.207249999999999979e+01 1.062402832049055945e+01
3.344550000000000182e+03 3.613020000000000120e+00 1.121044577071626769e+01
1.566374000000000024e+03 9.352320000000000633e+00 1.302137510760291939e+01
1.018293000000000006e+03 1.241530000000000022e+01 8.224081724906518787e+00
3.462320000000000164e+03 7.241729999999999556e+00 8.380923716965462233e+00
1.184328999999999951e+03 1.200999999999999979e+01 9.058875271208936653e+00
5.212846999999999753e+03 7.735999999999999766e+00 9.551933336189067703e+00
1.796350000000000000e+04 7.489959999999999951e+00 6.925358081307082614e+01
3.733989999999999782e+03 5.185889999999999667e+00 2.134894819940742750e+01
2.606879999999999654e+03 1.129759999999999920e+01 1.149004506542425830e+01
3.435075000000000000e+04 1.913380000000000081e+00 9.850847412705705608e+01
1.215283000000000129e+03 6.908599999999999852e+00 9.421882851936999259e+00
1.617340000000000146e+03 1.284539999999999971e+01 9.633138982928990401e+00
1.711988999999999805e+03 4.359980000000000189e+00 1.833402959327953852e+01
2.010939999999999827e+03 6.918309999999999960e+00 1.672657989520703126e+01
3.512329999999999927e+03 9.689590000000000813e+00 1.068141473752480408e+01
2.353596000000000004e+03 9.998200000000000642e+00 8.472976626539772127e+00
1.666673700000000099e+04 5.354280000000000150e+00 2.688994477736665445e+01
1.281909000000000015e+04 5.867219999999999658e+00 3.441986936120586904e+01
1.602906000000000176e+03 9.384389999999999787e+00 1.192916224932926283e+01
3.228029999999999927e+04 4.154239999999999711e+00 9.977573003177637645e+01
4.873640000000000327e+03 2.907719999999999860e+00 4.278053382673066096e+01
1.682556000000000040e+03 1.364199999999999946e+01 1.083631862642146082e+01
1.790078999999999951e+03 8.527860000000000440e+00 8.243808703191806586e+00
3.702395000000000437e+03 1.099469999999999992e+01 1.290033143405424987e+01
2.594154999999999927e+04 4.452259999999999884e+00 2.648091323055194124e+01
2.220846000000000004e+03 6.424979999999999691e+00 1.334372080648856418e+01
1.541440000000000055e+03 3.857689999999999841e+00 9.887202520524207117e+00
1.580451000000000022e+03 4.720530000000000115e+00 2.054094371814660747e+01
1.019545000000000000e+06 8.370360000000000023e-01 7.240227894682571787e+03
6.717699999999999818e+03 7.811860000000000248e+00 9.983970130907671603e+00
2.475919999999999618e+03 1.240729999999999933e+01 1.567857669246711616e+01
5.884595000000000255e+03 7.734510000000000218e+00 1.475445607082331989e+01
1.465110000000000127e+03 1.203120000000000012e+01 9.858522977609526450e+00
1.796622000000000071e+03 7.492079999999999629e+00 1.376821652675327989e+01
1.555599999999999909e+03 4.307909999999999684e+00 8.927509573944478305e+00
2.052210000000000036e+03 1.168360000000000021e+01 8.136625723938093913e+00
4.037059999999999945e+03 8.251580000000000581e+00 9.750078650569451000e+00
1.005158000000000015e+03 1.064489999999999981e+01 9.560958846053866367e+00
2.041599999999999682e+03 5.369650000000000034e+00 1.256325786951880374e+01
2.323733000000000175e+03 1.065010000000000012e+01 8.292346716552060570e+00
1.997487999999999738e+04 7.492099999999999760e+00 4.662775853668490100e+01
1.199795999999999822e+03 9.679019999999999513e+00 8.569924110891994573e+00
1.351039999999999964e+03 1.206900000000000084e+01 1.027399547554670356e+01
2.610604399999999441e+04 5.122589999999999755e+00 4.089408644340669241e+01
4.552730000000000473e+03 1.134120000000000061e+01 1.519734203824736696e+01
2.827621000000000095e+03 1.033479999999999954e+01 1.948085730882299771e+01
2.239882000000000062e+03 1.061700000000000088e+01 9.201726648636897821e+00
1.731598999999999933e+03 7.492320000000000313e+00 1.255938792115688152e+01
2.271119999999999891e+03 5.368920000000000137e+00 8.830289723481966391e+00
3.166701899999999907e+06 1.374659999999999993e+00 4.375573885305356612e+02
1.819796000000000049e+03 9.687150000000000816e+00 1.280866896633585306e+01
1.551112000000000080e+03 1.280829999999999913e+01 1.411247162391438259e+01
1.311967999999999847e+03 8.785130000000000550e+00 8.210445526301731078e+00
3.682539999999999964e+03 9.996249999999999858e+00 1.224316803271154264e+01
1.370701999999999998e+03 1.134050000000000047e+01 1.261669149999815254e+01
1.096006999999999834e+03 8.255119999999999791e+00 9.896791807510696870e+00
9.601539999999999964e+02 1.204860000000000042e+01 8.841245013428036259e+00
3.315910000000000309e+03 6.216750000000000220e+00 1.743987564836776727e+01
2.343570000000000164e+03 1.538749999999999929e+01 1.199631065176376232e+01
2.488944299999999639e+05 1.613369999999999971e+00 1.634268921326231521e+02
7.689310000000000400e+02 1.047840000000000105e+00 1.461355836403534525e+01
1.173787000000000035e+03 8.508680000000000021e+00 9.073515782072465896e+00
2.257839899999999907e+05 5.364399999999999835e+00 1.536593776375636367e+02
1.396844000000000051e+03 9.917469999999999786e+00 9.168923301132496206e+00
1.182416000000000167e+03 8.528740000000000876e+00 8.227651745913410863e+00
5.297049000000000888e+03 4.902350000000000207e+00 8.651575671551279711e+00
1.406685000000000000e+05 7.490709999999999980e+00 4.812573685453683652e+02
1.706613000000000056e+03 8.426980000000000359e+00 8.229239715674383504e+00
1.509120999999999867e+03 5.186370000000000147e+00 9.582318516174598955e+00
1.918989999999999782e+04 9.384489999999999554e+00 1.111013732559511169e+01
1.009648000000000138e+04 3.438000000000000167e+00 2.052996825015579319e+01
1.927519000000000005e+03 7.247519999999999740e+00 1.182524828456288191e+01
2.356608999999999924e+03 8.528150000000000119e+00 9.377442491083353815e+00
1.449522999999999911e+03 1.134009999999999962e+01 8.219354769482414724e+00
1.549342000000000326e+03 7.967850000000000321e+00 1.025309684490631490e+01
2.958920000000000073e+03 8.527760000000000673e+00 1.148254589218246480e+01
1.418259000000000015e+03 7.490389999999999660e+00 1.516709262942197789e+01
1.638608599999999933e+04 7.491310000000000358e+00 2.558634637202041517e+01
2.545569999999999709e+03 1.099579999999999913e+01 1.032869018475396672e+01
1.025902000000000044e+03 1.284709999999999930e+01 8.067215825529105544e+00
1.420210999999999785e+03 1.220289999999999964e+01 8.788238808197826657e+00
6.628771000000000640e+03 6.644099999999999895e+00 2.438270488871108910e+01
4.416569999999999709e+03 9.074659999999999727e+00 2.068446738098172588e+01
1.204304000000000087e+03 8.025249999999999773e+00 1.007321468455037383e+01
1.152026999999999862e+04 7.245409999999999684e+00 6.079265884375805484e+01
4.485580000000000837e+03 2.329050000000000065e+00 2.687971726747126766e+01
1.808625999999999976e+03 9.365019999999999456e+00 9.499002187944988407e+00
4.794306999999999789e+03 1.099489999999999945e+01 2.333589553534791250e+01
7.475609999999999673e+03 4.460589999999999833e+00 2.083569933470923985e+01
3.174347999999999956e+03 5.366920000000000357e+00 1.004108045559380891e+01
1.746720000000000027e+03 1.207390000000000008e+01 1.026949131346998279e+01
2.525389999999999873e+03 1.061350000000000016e+01 1.010221225505049070e+01
1.918436999999999671e+03 1.035880000000000045e+01 8.688248882629757475e+00
7.305670999999999367e+03 3.417829999999999924e+00 1.889370859607666375e+01
2.479293000000000120e+03 7.491839999999999833e+00 8.720988927769754540e+00
4.927892779999999912e+05 3.853810000000000180e+00 5.142925499799526534e+01
3.271250000000000000e+03 6.215709999999999624e+00 1.027925148006115208e+01
1.411971000000000004e+03 9.321659999999999613e+00 8.647026432895465575e+00
1.292233999999999924e+03 5.867960000000000065e+00 1.448427856055447727e+01
1.504217000000000098e+03 1.203480000000000061e+01 1.371532933116221642e+01
5.696309999999999491e+03 8.039680000000000604e+00 2.754668875147661211e+01
2.522480000000000018e+03 1.182039999999999935e+01 1.147907290168813077e+01
6.254380000000000109e+03 5.185839999999999783e+00 1.880944207415335256e+01
7.898263100000000850e+04 5.550040000000000084e+00 4.614405204570700647e+01
1.655033000000000129e+03 1.701820000000000110e+00 1.655812530265198390e+01
9.953950000000000728e+03 8.252430000000000376e+00 1.345993562232583329e+01
1.672559000000000196e+03 1.341580000000000084e+01 8.612244206012029224e+00
1.125653999999999996e+03 3.756120000000000125e+00 1.064931594925400482e+01
7.907379999999999427e+02 8.802830000000000155e+00 8.594743537352115936e+00
1.674642000000000053e+03 9.998409999999999798e+00 9.368612681395227071e+00
3.863229999999999563e+04 5.182019999999999627e+00 9.678974437327460123e+01
4.162245000000000800e+03 7.228309999999999569e+00 1.124444449062699825e+01
9.934840000000000373e+02 9.384430000000000049e+00 8.339873253472035231e+00
3.052009999999999764e+03 6.215989999999999682e+00 1.956422606410870912e+01
8.712559999999999491e+03 8.253230000000000288e+00 1.943468287299486974e+01
1.398835000000000036e+03 6.216079999999999828e+00 9.073343049783044734e+00
1.150986000000000104e+03 7.491640000000000299e+00 8.143251157208528213e+00
1.925763999999999942e+04 1.450890000000000013e+00 8.294312730843257953e+01
4.199746000000000095e+03 6.917440000000000033e+00 1.241818725234491083e+01
1.917885999999999740e+03 5.367259999999999920e+00 9.597149661979630153e+00
1.780010000000000218e+03 8.528359999999999275e+00 8.303354083493587723e+00
2.542990000000000236e+03 9.349750000000000227e+00 9.409838871729002463e+00
6.770686000000000058e+04 3.605630000000000113e+00 6.322616257991505506e+01
3.719675000000000182e+03 5.866150000000000198e+00 1.302123594089579406e+01
6.521599999999999454e+03 9.384479999999999933e+00 2.374443097439159445e+01
1.474750000000000000e+03 3.065409999999999968e+00 1.089936324820778069e+01
4.481940000000000509e+03 7.246129999999999960e+00 1.757402014381588629e+01
2.382493999999999687e+03 1.207230000000000025e+01 1.366257999332762729e+01
2.509260000000000218e+03 8.802009999999999224e+00 1.183600554997116383e+01
1.425990999999999985e+03 4.461079999999999934e+00 1.329962838849849938e+01
1.966935000000000173e+03 1.205979999999999919e+01 9.855232781730098424e+00
6.867780000000000291e+04 5.181479999999999642e+00 1.509855987830068216e+02
5.597860000000000582e+03 4.700350000000000250e+00 2.476250919420622054e+01
4.525740000000000691e+03 5.419769999999999754e+00 1.024206334185534750e+01
4.199746000000000095e+03 6.917440000000000033e+00 2.276667884890202487e+01
2.721109999999999673e+03 8.526999999999999247e+00 1.746197382949612731e+01
3.884838999999999942e+03 3.728619999999999823e+00 8.826062019808716741e+00
2.789607999999999720e+03 6.430860000000000021e+00 1.263308532470955292e+01
3.237019999999999982e+03 6.928230000000000111e+00 2.714452950752986737e+01
2.337402000000000116e+05 3.866740000000000066e+00 1.780506178980429297e+02
1.059302399999999943e+04 7.488730000000000331e+00 2.296568371304470801e+01
2.488944299999999639e+05 1.613369999999999971e+00 1.136791822832732066e+02
4.240880000000000109e+03 6.330029999999999824e+00 1.852104146194308143e+01
2.063070000000000164e+03 9.991730000000000445e+00 8.527875424691956141e+00
9.681519999999999300e+02 9.980719999999999814e+00 8.241187807311815661e+00
1.727485000000000127e+03 6.207580000000000098e+00 1.035512876900811108e+01
2.499105000000000018e+03 1.005579999999999963e+01 1.330803580435422084e+01
2.902790000000000146e+04 4.300989999999999647e+00 2.685859899173768284e+01
1.905076999999999998e+03 8.253470000000000084e+00 1.528471380542901947e+01
1.213061000000000149e+03 1.099499999999999922e+01 8.611523547524820188e+00
1.210004999999999882e+03 6.431060000000000443e+00 9.304541757197348772e+00
1.277351000000000113e+03 5.185830000000000162e+00 1.099746040486319387e+01
9.874051000000000931e+04 5.546879999999999811e+00 1.531216324641409443e+01
2.096633000000000266e+03 1.245889999999999986e+01 1.559093812882136199e+01
1.332152000000000044e+03 4.117210000000000036e+00 1.494524773615285085e+01
3.860820000000000164e+03 5.369299999999999962e+00 1.172245700809594204e+01
1.974295000000000073e+03 8.529099999999999682e+00 8.009247882111852235e+00
1.934714000000000169e+03 6.216669999999999696e+00 9.215364035405992027e+00
2.258255000000000109e+03 5.065249999999999808e+00 1.118015945185472404e+01
1.300989000000000033e+03 8.255420000000000869e+00 8.643883818724052759e+00
8.865430000000000064e+02 1.130630000000000024e+01 8.897527492749713218e+00
3.706599999999999909e+03 7.735820000000000363e+00 3.402904483358328491e+01
8.815086999999999534e+04 4.294369999999999798e+00 6.138122993366182811e+01
1.047652000000000044e+03 1.545800000000000018e+01 1.000532860303247951e+01
1.290583000000000084e+03 5.972209999999999575e+00 1.242132056658915396e+01
1.127814000000000078e+03 7.492180000000000284e+00 1.051365813736116550e+01
9.825819999999999936e+02 8.526999999999999247e+00 9.869535693201552107e+00
2.304405000000000200e+03 6.431000000000000050e+00 1.368846378588792589e+01
2.209093000000000175e+05 3.278999999999999915e+00 8.802980455847426811e+02
3.356810000000000400e+03 7.761739999999999640e+00 1.329769276263911770e+01
1.489556000000000040e+03 9.964579999999999771e+00 1.576074775917347459e+01
7.739907399999999325e+04 6.001269999999999660e-01 4.056293098000547275e+02
1.704470000000000027e+03 9.384240000000000137e+00 9.194199490970893507e+00
1.066375000000000000e+03 7.248109999999999609e+00 1.309779200915054531e+01
1.128124000000000024e+03 1.065090000000000003e+01 1.081986262122721243e+01
2.849819999999999709e+04 5.367680000000000007e+00 3.140299955105898633e+01
1.802046999999999753e+04 2.889159999999999950e+00 1.990775687379965220e+01
3.050509999999999309e+03 1.057029999999999959e+01 8.257821939830209956e+00
1.957010999999999967e+03 9.997230000000000061e+00 1.159873650966816783e+01
1.445201999999999862e+04 7.491100000000000314e+00 3.321850151309229915e+01
4.328688000000000102e+03 2.365489999999999871e+00 3.345602082527507548e+01
3.987360000000000127e+03 8.527449999999999974e+00 2.062985453660285629e+01
1.147664999999999964e+04 7.735159999999999592e+00 4.576236766495259189e+01
2.355546000000000276e+03 6.502699999999999925e+00 1.031773107596744232e+01
1.456971999999999980e+03 1.097429999999999950e+01 8.797914066079263407e+00
2.453009100000000035e+04 4.804750000000000298e+00 1.564179332920245358e+01
4.024880000000000109e+03 4.547760000000000247e+00 2.785877435841875638e+01
1.357763999999999896e+03 1.040090000000000003e+01 1.206849561824694561e+01
1.186125000000000000e+04 4.298429999999999751e+00 8.129455369746115423e+01
1.652905000000000200e+03 5.552599999999999980e+00 9.742597389612441816e+00
1.086187999999999874e+03 3.321889999999999787e+00 1.105950997519711088e+01
2.642891000000000076e+03 5.186130000000000351e+00 1.028921055337046475e+01
6.686317000000000007e+03 8.528340000000000032e+00 2.514338583845349717e+01
