6.692078785998203784e+03 5.594350511418975103e+00 1.048848505418736643e+01
3.059801998734364315e+04 5.676213248415636237e+00 1.138398365082414365e+01
4.417376501020001160e+04 1.016497197247034201e+01 2.209148366753750281e+01
3.137172063866637473e+04 6.761029950852732284e+00 1.164118723431257330e+01
9.447940836149931783e+03 7.296094485582663935e+00 8.996208763614541581e+00
3.026803233372067916e+04 3.558342494845090354e+00 2.407965371025888501e+01
1.945816560073362780e+04 9.293250726035454434e+00 1.019333407273437153e+01
1.393831809354308806e+07 4.951789594795666716e+00 1.211815322078186696e+01
2.006987656910490114e+04 6.964366312747509724e+00 1.108998137850009691e+01
2.360451042718507961e+04 7.138027121752333670e+00 8.785801670728909940e+00
2.710013111452318844e+04 8.739980130005889691e+00 1.225598902612818542e+01
7.845433207398320083e+05 5.095277805322619535e+00 3.205334670470329002e+02
4.039409637278917671e+03 3.922993419139492843e+00 1.097497759705815845e+01
2.723631690409440198e+05 2.238671073958990565e+00 1.590014288972960514e+02
2.375406924550971889e+05 4.407024386967757223e+00 5.355174665839322756e+01
7.877026429758078302e+04 6.641670616442271857e+00 2.511116139197902797e+01
3.793247899611898174e+04 1.162265906942474025e+01 1.276671772904766300e+01
2.740331616215119720e+04 1.335065948076338138e+01 8.701022064009213963e+00
1.032437678250323188e+04 4.714500587537724385e+00 1.867082034406099567e+01
2.303898620547105093e+05 2.765733942699327930e+00 4.370130392575927658e+02
2.308532663597961073e+04 6.327907436992190604e+00 1.089849134678024001e+01
1.002661176432405591e+04 6.562003563053620425e+00 1.403139144393428417e+01
1.169823431897240152e+04 4.359912578531090155e+00 1.317459906022725136e+01
2.236957960061291669e+04 1.044732269908732647e+01 1.843025392685141384e+01
8.457195607250663670e+03 8.465826779768942600e+00 8.740720363519521641e+00
3.712060621665624240e+03 2.402133100478256011e+00 1.165633507963789128e+01
2.572444641776012759e+03 1.265578791239055922e+00 1.477234913177065501e+01
2.850278504292359139e+04 8.281573819702233052e+00 1.208775969596959143e+01
1.613540573554139701e+04 8.027901436673896995e+00 1.248823802699257257e+01
4.686068919542909134e+05 4.921651011307216272e+00 5.561837022844122203e+02
1.046659462769396669e+04 5.510015516973821192e+00 1.308973868670708285e+01
3.798216442447319627e+06 1.552293289260503695e+00 4.646289986513909753e+03
2.018950949007703821e+04 1.180264955340371635e+01 1.113536091573974751e+01
8.681190313442961269e+03 6.324767832008189039e+00 8.616408456267992122e+00
2.414822606681114121e+04 1.257309130432720501e+01 9.720354836807901577e+00
2.311136875976372176e+04 4.990365377625644250e+00 3.347418933841750999e+01
2.195856309833096020e+04 4.984128784461328898e+00 1.451661089144955952e+01
3.238904863952258893e+04 7.445490861841526531e+00 1.045631517140249755e+01
1.015573831643317862e+04 6.781393834360826212e+00 1.100073298918505671e+01
2.452756968005275485e+04 7.610600014341686759e+00 1.920478752391890254e+01
1.038952146658297715e+04 9.097344700334108580e+00 9.839874144022019209e+00
2.053324963907989877e+04 8.526130144980202274e+00 1.089677716420567677e+01
5.793142630124604693e+03 5.005316466191620073e+00 9.737511604833635204e+00
1.990230199741687102e+04 8.324633533883565306e+00 1.646687400083401087e+01
7.588115337438674032e+03 4.860014609222721660e+00 1.545916920840789466e+01
2.942875407032465591e+04 6.514312798191344456e+00 1.167259438261744187e+01
6.623694318493180908e+05 6.752287894792924128e+00 3.494429915448662882e+02
2.050607765489404119e+04 4.509231986764040911e+00 1.251739844193114237e+01
1.793273550135634287e+04 1.599592037053258764e+01 9.087748755326867212e+00
1.911540382795022015e+04 6.570307054494056942e+00 1.222221151152283625e+01
2.450951174924813313e+04 7.375941243959063698e+00 1.407296156203857507e+01
1.287139084749401991e+04 6.942724058419316613e+00 1.243909969718612452e+01
7.587777273385990702e+04 1.378335221257243681e+01 1.484664576708811623e+01
8.502637519587526185e+03 6.620325725756532442e+00 9.318581130382876054e+00
3.424378817948148208e+04 7.742774905977436006e+00 1.493698847535137020e+01
3.872160654885826807e+04 1.027995576438288161e+01 3.062643556319596527e+01
2.302585781901766313e+04 6.317403910102618703e+00 1.682372344975744838e+01
6.786119864551063984e+03 3.745299442651184307e+00 9.299367709421829886e+00
1.268602967294396876e+04 2.233623712949903251e+00 1.426461726589237777e+01
1.100849400746838728e+04 4.487912232972750104e+00 1.902544939384131339e+01
3.578529293005798536e+04 9.946125659961088772e+00 1.894471677049494929e+01
3.382708616980063380e+04 6.383569688261368391e+00 9.675059625769659277e+00
2.426986302658649947e+04 6.949695219538771340e+00 9.900791278517258931e+00
6.524038957804022357e+04 4.845642238441124405e+00 2.069517325182862066e+01
3.331601290749612381e+05 5.040116267569310082e+00 7.199886439780048875e+01
6.815399965655056803e+03 4.165944789906614432e+00 1.303989000977633417e+01
8.372224446925923985e+04 8.364988106074688901e+00 9.534545837990448192e+00
2.709814576386341651e+04 8.694909918415298478e+00 1.624785672170894912e+01
1.401470908932388920e+04 4.659824022594490245e+00 1.436861854096269830e+01
4.436774689209886128e+04 6.036278542954698345e+00 2.033148149543206529e+01
1.183311630610846623e+04 7.097935471803587859e+00 1.054428252043865122e+01
2.284373596763400201e+04 1.047410594157821784e+00 1.034545252995170301e+02
1.663849768702035362e+04 9.056395657602211102e+00 1.151551391079832065e+01
5.340212902736625438e+03 4.030898189360192951e+00 8.357494328562045993e+00
1.397054579088770333e+04 7.285342568562061416e+00 9.970923539639798605e+00
1.993111935972855281e+04 9.897467511584977728e+00 1.309580010280482831e+01
2.825813723694639048e+05 3.579204348383162149e+00 4.842136400978292698e+01
5.327881935050165281e+06 1.874918283196607582e+00 3.021709595503985383e+03
1.389716166483486813e+04 7.245396120807778395e+00 1.584682792689655173e+01
6.249888989259966183e+04 4.408387206955366899e+00 5.095849243099910097e+01
5.297010710325423861e+05 5.961964526944107945e+00 1.798405203196799107e+02
2.032770724597163644e+04 1.810082317198847335e+01 1.028964595370819879e+01
2.385081920026427542e+04 1.248638442184655695e+01 9.347654930339762913e+00
1.094106661497090499e+04 5.520908150561616878e+00 1.646415470638701350e+01
2.042773013851083670e+04 6.389597755204888152e+00 8.305957680432161538e+00
8.889916017156971066e+03 5.628240910244994843e+00 1.159557294973844677e+01
6.412384384532242620e+03 7.315913651095248049e+00 8.864564563866343505e+00
1.125961107466822723e+06 6.887467778068570468e+00 3.776193527914885095e+01
4.225727384886591462e+05 6.525755264114936338e+00 1.177969750841238010e+02
1.907432802276730945e+04 1.104433736620830864e+01 1.115355010472981334e+01
1.995686628162178022e+04 6.576428702477789656e+00 8.904669530869883332e+00
9.410285133972462063e+03 5.079392217433088774e+00 1.282243446356619820e+01
7.653143794282992894e+04 5.528761194280179758e+00 9.360905927281871541e+00
3.451311899824633292e+04 7.458579498375426553e+00 1.583509690687167470e+01
8.087977112475646209e+03 6.871518232597447984e+00 9.274866228870083162e+00
9.915194008187649160e+03 5.264733688120078803e+00 1.045640262884940519e+01
2.686164227676632436e+04 1.085881643213883763e+01 1.082608451574997233e+01
2.743407356676420022e+04 7.993598730253147266e+00 2.015650627845310083e+01
1.292968801668548258e+04 6.408047761395223141e+00 9.627784541640913574e+00
1.471535683010554931e+04 4.655080660325833897e+00 8.826475574226655851e+00
9.655121237705188832e+03 6.832683041707956484e+00 8.053220072293672871e+00
2.661347111697509536e+04 9.728348621006556840e+00 1.248065830542962118e+01
2.021904702136516062e+04 1.485826266298439613e+01 9.020207670268268529e+00
2.290618432816155109e+04 5.350304767863810262e+00 1.791929899301169016e+01
7.681915662816858458e+03 7.257380787261928923e+00 8.439159392040048502e+00
6.193352890439405746e+04 3.425644645942809596e+00 2.505419047505439067e+01
1.631077168872741822e+04 7.836628007333034773e+00 1.835849389451643887e+01
2.667672556866787636e+04 2.974369850774170043e+00 8.751429670701813279e+01
4.283633547572526004e+04 9.724473488387150866e+00 1.024562900979923619e+01
2.653044679099587302e+04 5.882071297627547324e+00 1.302631696953539908e+01
3.353804645859742886e+05 5.673153132833414602e+00 1.131076228835994471e+02
1.236498444457251753e+05 6.720375601317502223e+00 1.990453312854561929e+01
4.002183955685915862e+04 1.105050971640123691e+01 1.568092336526857622e+01
2.649022131287109369e+04 1.330627889334976643e+01 1.387648681600918898e+01
2.879757249421117376e+04 1.132904741269877924e+01 1.177083613042761101e+01
7.339721104489171921e+03 4.668189133567513416e+00 1.171791069177873190e+01
2.671999715536337317e+04 5.300578454321596134e+00 2.491472201045075963e+01
5.030121377668585628e+05 3.088173498277470674e+00 4.945552235674009012e+02
1.864997702839854173e+04 4.914787948532890915e+00 1.158435461298071623e+01
2.466658839774283842e+04 1.092977550722721247e+01 8.493240026082057526e+00
2.950501368833100059e+04 5.323460485801636111e+00 2.266940872115445060e+01
4.162101705257447320e+05 1.016611054681891391e+00 1.526218017362204591e+03
1.913415890456455600e+04 8.649646653876169822e+00 9.753446664847785996e+00
5.032282950280301156e+04 2.772597540962693952e+00 1.551683184736186050e+01
1.361545423852660315e+04 5.488586016063231376e+00 9.525906682175943274e+00
2.863611890347997542e+05 5.031323090941254073e+00 1.097544021255493760e+02
9.426371238550713315e+03 5.313893326164593311e+00 1.326506859391716020e+01
1.242952062759094042e+04 5.276251891704444752e+00 1.127949169496072912e+01
3.479239976093400401e+03 3.066630623280733325e-01 1.536984932145289520e+02
1.331423181242163628e+04 8.296356031823536981e+00 9.416322394516274841e+00
2.292490916382224532e+04 6.909750566303205055e+00 2.067646548781436522e+01
5.137045717807558685e+04 7.957390815325526390e+00 1.797931755948695098e+01
3.123537844389521517e+06 1.621750524502827417e+00 7.036875481515683532e+03
1.313740861435943225e+04 1.089992365368869010e+01 9.940322397831531376e+00
4.262483315931889592e+03 1.412665860987954325e+00 1.819964495311053199e+01
1.668062676576691592e+04 2.025333452631264297e+00 2.098620356555306543e+01
4.593625261750482423e+03 3.690263449871637569e+00 8.633593748898755749e+00
3.977874571587697574e+04 6.509697162739584542e+00 1.605923856875993394e+01
2.453110582917954162e+04 1.214394994549741824e+01 1.229513581128208344e+01
1.494119985051642288e+04 7.401257641784536823e+00 8.173727172653167727e+00
3.043941269319071434e+05 1.607129720326900824e+00 2.060831810583567574e+02
1.440012934086197492e+04 7.892833268816804804e+00 1.058777294504282018e+01
1.394215213627110643e+04 1.107450407020414040e+01 9.282580999853335513e+00
6.661135041909159918e+04 6.365668610137413808e+00 2.369017681682399612e+01
5.337848082261319360e+04 1.051751104694375805e+01 1.246799274022607484e+01
3.013730479825303337e+04 4.561681276136710039e+00 1.252564232942032518e+01
1.644381351527711959e+05 6.341840354361274912e+00 1.369221210803539464e+02
9.318084969432977232e+03 5.225337366002790418e+00 9.981747090055719696e+00
4.116810337475535925e+04 9.964564839533739615e+00 2.444744096304184566e+01
9.714301049037674602e+03 5.916628549993538044e+00 8.245970376919727229e+00
1.135312791779039981e+05 5.425620372869913055e+00 3.402950783231296583e+01
2.104377619502173911e+04 1.136482872439590786e+01 1.534675477640242214e+01
9.625611956624290906e+04 9.009402475752052553e+00 2.249157168259031181e+01
2.536712243050488905e+04 1.093164673545422083e+01 1.123131254578798277e+01
2.444216882732059457e+04 9.246871010434864147e+00 1.159448265128065003e+01
1.102631913117400109e+04 6.245762725667172610e+00 9.224465537390310388e+00
2.513113892642049905e+04 3.108776594281113859e+00 8.740106824677877029e+00
7.603692854700266616e+04 6.130545507546987238e+00 3.113401562009966383e+01
7.609753501313465677e+03 5.746606197604359423e+00 9.171939590373490603e+00
3.538177133001706534e+04 2.363785060333762900e+00 3.855846040415503495e+01
7.249488958548203809e+05 2.257683376037399992e+00 5.488496311373424987e+02
3.064097696655437176e+03 1.276110513122827417e+00 1.622261258242139448e+01
2.812748577832108364e+06 5.445050809085331345e+00 8.158298092900895426e+01
1.083028828477116076e+04 1.067550116511625724e+01 9.201532665146556766e+00
1.656251758818447706e+04 7.085421792847676592e+00 1.084619042499538288e+01
7.553814204021799378e+04 2.335459091279992183e+00 1.042054013256447007e+02
1.956918021077002777e+04 9.057004177542097523e+00 1.086128874743079820e+01
2.309755021004623632e+04 7.512903469669559797e+00 1.039932827513949221e+01
6.703144966185982412e+03 4.944738949912007797e+00 1.237765379853092185e+01
2.753933748695012400e+04 8.275564828445117982e+00 2.087275772927010919e+01
1.347175509396434936e+05 7.600182346487615037e-01 6.204962434105260627e+02
5.661565256630082877e+04 1.144086784382036193e+01 9.405678716143659912e+00
2.509831112634606543e+05 2.134855968261989201e+00 5.836761831191207506e+01
7.225091000261041700e+03 4.182140810627982930e+00 1.719056242315921423e+01
1.490040774375101319e+04 6.303627374104602055e+00 1.277169822943215749e+01
1.756419796853436856e+04 8.264389188855204793e+00 1.449978866073545447e+01
1.094646831047339583e+04 6.437732757559986752e+00 1.102946304502265207e+01
1.231970205129995520e+04 6.141169053470769690e+00 1.407713767624010792e+01
2.571043809737256015e+04 5.800533796403412268e+00 1.154999622971098283e+01
2.264905396480630225e+04 8.399414167856189550e+00 9.753088929976776456e+00
4.535342890725255711e+04 9.639109719810861066e+00 1.054697929963111136e+01
7.718709323981133821e+03 1.692341666447894966e+00 2.546581855326151356e+01
5.437188546439544298e+05 1.551332726659092609e+00 6.525365109511316177e+02
1.556307380098834801e+04 7.212387491663036165e+00 9.862416135498172309e+00
3.573018169302791357e+05 4.950658531703360232e+00 5.014114869127917729e+01
1.265191864506687307e+04 1.130428566225128684e+01 1.133210692131166653e+01
9.970682713708042866e+04 3.458861307921223815e+00 4.146025079630722132e+01
2.741105808605327911e+04 4.900358202290584053e+00 1.753584472193796273e+01
2.098041001476762540e+04 9.578194428641250369e+00 8.416102864677750262e+00
2.761414798417174025e+05 6.732843907714835652e+00 3.186341012190023392e+01
2.507311750888213573e+05 4.853133449412380784e+00 6.493742190739482112e+01
4.937730000955579271e+03 2.703578972718610807e+00 1.239490677737114765e+01
8.626282792903200971e+03 5.054458010350495911e+00 1.009116017427608547e+01
1.091981655656969087e+04 7.728688737539979314e+00 8.130587297271969049e+00
2.183194604559811414e+05 6.334216892396779208e+00 2.210235346877410478e+01
7.723650863881872283e+03 4.702821757264613822e+00 1.251727657532476279e+01
8.299794097310278448e+04 1.058385045200507157e+01 5.493764759441150858e+01
6.557064180409251094e+03 6.380133577657503885e+00 9.559890903551430341e+00
3.398993011705021490e+04 1.008037284017049728e+01 2.322719048024613997e+01
3.328342374589668907e+04 5.151283032650692206e+00 1.591917938360798246e+01
1.977494674067338929e+04 5.285323211315643199e+00 9.663049956131414930e+00
1.635410768406452007e+04 4.619989520257472115e+00 1.851961465100967175e+01
1.019713322959792428e+07 4.234399276011459712e+00 1.444757639499291827e+03
1.703431261962771168e+04 6.270752944753583691e+00 1.676650891912851904e+01
3.533217716363738873e+04 3.629045076710248896e+00 1.858939878844613247e+01
1.392924193589426286e+05 4.683474810143763989e+00 5.540854670412628025e+01
1.356429334104521331e+04 1.121594607686514600e+01 8.786635512597928965e+00
2.594572170863601845e+06 3.129564232655520417e+00 8.720702959568028518e+02
2.623378655722464828e+04 6.122299504775608803e+00 1.243401326607401103e+01
1.213149067270962223e+04 6.274179280616078103e+00 8.076865767136345298e+00
8.003914801376603464e+03 5.468301270057364327e+00 8.691586414083605661e+00
2.638810231025797839e+04 6.061193106414662246e+00 1.423824781920947835e+01
7.793402364610563964e+05 6.003798341831487306e+00 1.077479745951417840e+02
2.246705924062542908e+04 8.858751386362877511e+00 2.173654399776598822e+01
5.464148963515830110e+04 6.681533435642032615e+00 1.182413063760803951e+01
1.485306793387588550e+04 8.615104918211379470e+00 9.335538720432822402e+00
8.310627434131222544e+05 6.076060144636370453e+00 4.923902472545329942e+02
1.538661988154134815e+04 6.536712136008684837e+00 1.359760619461242470e+01
2.855428115970110957e+04 7.105453644239294597e+00 1.421406082470829801e+01
4.666446352567118447e+04 8.097308796539062214e+00 1.405996527860614265e+01
1.863702613359526367e+04 8.322764247294397677e+00 1.064520788374847271e+01
1.405843940026626660e+04 7.654281790481737069e+00 1.313605703155480064e+01
1.472457005153369973e+05 8.120943370038093079e+00 2.138201780914534922e+01
1.026557511210926350e+04 6.955065975000300327e+00 1.158222480541404131e+01
1.616037595586902229e+06 1.567951558988260441e+00 2.429890675162261687e+03
7.788396221855399199e+04 7.800189171680154132e+00 2.175901271960001537e+01
3.529406568972375680e+04 2.597354479589200071e+00 1.978764147519273209e+01
2.669379074888294053e+04 1.032499334931770640e+01 9.314751799645835106e+00
1.279333196281735036e+04 5.849841200469968250e+00 1.038993098434738727e+01
3.400785151866348460e+05 3.702042499231045891e+00 1.897729580436559615e+02
1.143702439766839416e+04 9.709827135189057046e+00 8.409208741710997970e+00
4.184449931224006832e+03 3.537735314103537032e+00 1.114194458645035191e+01
1.438697371508737281e+07 5.128828976641468529e+00 1.550778831690326172e+02
2.729263865308880922e+05 6.752597224926240038e+00 3.118073537976688669e+01
5.323472216731143271e+04 4.096808479091528454e+00 2.705079342945085585e+01
4.450921204912092435e+03 3.284923277155102905e+00 8.987857912799544380e+00
2.396364761568958929e+05 4.646051102576993941e+00 1.002179602622825030e+02
1.357300240569009475e+04 7.089549687390540811e+00 8.437234882299105010e+00
3.475277265789356898e+04 9.883256141313072618e+00 8.492388214772681465e+00
3.320660737389465066e+04 4.278950933631140430e+00 2.802552521862974189e+01
1.400313776992337807e+04 7.629949797225215491e+00 1.151953066996178521e+01
3.614766885229729814e+04 5.589797542949437315e+00 1.328505207914429498e+01
4.087095465631109255e+04 1.093032835113726620e+01 8.963992541687986204e+00
2.788154293078609626e+05 5.994456981537059193e+00 1.598620243163010102e+01
5.483620207207069325e+04 1.675636006331347350e+00 6.603126976607696008e+01
3.402301643772699026e+04 8.185008446577251462e+00 1.580583918118206910e+01
2.140200662453562109e+04 1.158424871701831727e+01 8.440964162234038781e+00
8.591115674096335715e+04 5.916098791648253474e+00 7.553650418221748453e+01
2.634093168101040283e+04 1.091622371353687804e+01 1.313459737504560998e+01
1.860744629062890453e+04 8.468570965829544051e+00 2.010205301254463706e+01
4.219073237572374754e+06 4.656400318186333820e+00 9.348376081772154578e+01
9.449825780162322189e+03 7.493851309166897678e+00 1.050154880288671322e+01
2.855938845401731305e+04 8.546641306693526730e+00 1.331828111343761378e+01
1.957173403762558883e+04 1.178184109969317994e+01 8.711282032338957038e+00
9.927471024218124512e+03 4.785300209569869345e+00 1.076572316623209780e+01
1.680944334235699716e+04 5.837771187971712905e+00 8.672189493780512848e+00
1.593824516224410399e+04 8.985743476125621854e+00 1.252241056380523077e+01
7.563329056657512410e+03 4.833489433889620379e+00 8.471883490569908304e+00
7.370513052662497103e+03 2.755000019187630045e+00 1.051592178966077817e+01
2.607256231416654191e+04 6.971042405375428963e+00 2.136040716545945983e+01
1.064762690883552568e+05 7.212308658832816022e+00 2.789208618560076758e+01
5.966076477947619424e+03 4.083707529472190068e+00 8.635432510094734226e+00
2.098691368081112887e+04 1.214176153731274965e+00 5.750469776482814410e+01
6.201717509113643609e+04 3.919736115858513337e+00 3.088508067347384767e+01
1.509651087460439303e+05 3.567595577728457812e+00 8.595897152329206392e+01
2.009143360415424977e+05 6.465334968290103568e+00 2.617273674911028891e+01
5.796907855085290794e+04 5.901835873573895164e+00 1.084084722585012628e+01
1.256725277815319132e+05 7.091112045614484494e+00 2.622878260084540614e+01
1.961404377451612891e+04 8.489443428749808618e+00 1.317199385894508623e+01
1.260337138256591425e+04 1.228649660553973888e+01 9.992661791708082220e+00
6.296040523598254658e+05 4.276369461815669126e+00 8.413142820038157765e+01
9.411612664442425012e+04 8.657274410907080053e+00 1.570880668155748161e+01
1.243623151452726961e+04 2.512027967638679193e+00 2.888841442417454530e+01
7.978556216159978248e+03 5.028872960568704364e+00 8.703893288265392769e+00
1.433996724562387317e+04 9.169251945298569240e+00 1.428350191343224829e+01
2.522678814470604993e+04 1.024248039210013950e+01 1.023372695192454529e+01
3.500984074265263916e+04 6.962540351375161585e+00 1.527845912537458695e+01
1.330573907577797218e+04 9.679500411567710572e+00 1.161208062898466764e+01
1.300763492711673462e+04 1.103280894337791729e+01 8.957531584426069671e+00
3.026986898688243702e+06 9.381461066838117091e-01 7.842689291353427507e+03
2.011781205674016383e+05 6.741411526991782921e+00 1.414569853135910549e+01
9.047748918823064741e+03 6.365936255222009343e+00 1.413952091442653369e+01
1.404293834889358186e+04 6.102296863906478741e+00 2.037315934748059831e+01
1.067221525897463471e+04 4.099325547036237083e+00 1.651605646743111322e+01
2.523582825409139332e+05 7.863832764122445695e+00 3.526492911900743366e+01
8.420543817021054565e+03 4.561271624170191608e+00 1.073883206625978382e+01
7.628160218911366428e+03 5.276859150429460854e+00 8.939985362978109862e+00
2.357800684795924462e+04 1.249693222110235524e+01 8.215648320914514358e+00
1.152938300141251180e+06 4.734878733609586554e+00 3.385847655680731236e+02
2.486404896636283229e+04 6.232967467524677119e+00 2.960701079234608812e+01
2.592061367097508992e+04 1.277138640945904413e+01 1.137769854930930968e+01
1.353841464734794499e+04 1.075703563593379997e+01 8.755704411310201607e+00
3.639933497545461432e+04 1.279353093386738216e+01 1.093249052767447438e+01
7.485657363838852689e+03 5.742146889192484061e+00 1.068952479504424424e+01
1.121363628483193024e+05 4.740966738088198795e+00 2.238969985578257393e+01
1.939662439397999697e+04 4.598189678887947274e+00 1.604042973253488569e+01
3.378474507194011821e+05 1.726489815548777340e+00 1.106397070255191579e+02
3.951797017991403118e+04 6.898202722804220421e+00 1.296456711363731529e+01
5.489487899535031465e+04 7.937283720000578136e+00 3.781663498495056075e+01
2.231931716478767339e+04 9.362521607719976657e+00 1.544540895147287252e+01
4.558798534064335399e+04 8.579964473476543674e+00 8.494386422082689236e+00
1.276707013902057224e+04 5.450217417168977896e+00 9.027939414429818399e+00
5.254273671645061768e+03 3.416064823551562935e+00 8.540995383439504707e+00
1.232548711320208713e+04 5.286496381111412290e+00 1.693032074479023308e+01
1.584299097184150924e+04 8.381156537349678359e+00 1.052433007546398436e+01
1.181963204539501567e+04 5.342004610917717500e+00 1.292097991828440406e+01
2.750996384676582966e+04 4.675950433426920405e+00 3.885231757935968488e+01
7.165480063288882957e+04 5.646386016540817288e+00 2.002279362687646014e+01
1.175874709456406708e+04 6.827548647516463731e+00 1.779075399867596374e+01
1.706734800235577131e+04 1.020481140058650205e+01 1.361431722456709537e+01
2.952645211184374057e+04 5.972957617092988336e+00 2.149847624374750055e+01
3.061189103345391050e+04 5.791398913677115345e+00 1.954502847847335900e+01
2.587219929871166096e+04 6.576113201202838709e+00 1.431009896519869429e+01
1.304509009247492213e+04 8.596013979758341250e+00 9.054738066597797896e+00
1.185250219419706991e+04 1.106397155152372846e+01 9.739720062649285026e+00
1.823813184373407057e+04 4.304272745412183632e+00 3.663930522047018457e+01
6.239480177573682740e+05 7.796375390616534062e+00 4.566137382284862412e+01
8.693125882493943209e+03 5.326193308503847312e+00 1.004643422235826833e+01
2.154520172979267954e+04 1.402118544579119863e+01 9.867264044596868899e+00
1.129492656746142529e+04 6.727919740951484151e+00 9.125544875870955863e+00
1.457541670951002379e+04 8.848247879231179169e+00 9.222705218527051940e+00
1.727861432349495590e+05 4.568667392400948657e+00 5.738409904758238156e+01
1.923307663102519655e+04 9.323607344329388980e+00 1.231618380781421962e+01
2.523817339993162546e+06 3.196230923317861627e+00 1.549815313227414606e+02
1.232684788640987972e+05 5.242241606853879965e+00 8.062048029339699440e+01
1.660355877693603543e+04 1.593568448537880222e+01 8.510832029920258890e+00
4.204680716544992174e+04 3.996394380970422322e+00 2.598823139153960682e+01
6.367332540847391647e+04 8.436258624526161043e+00 1.564692878161215361e+01
8.902421700902126031e+04 1.778472911297857673e+00 4.560734314098145603e+01
9.340433433987559692e+04 6.301414785919836170e+00 2.565193773275235500e+01
6.326966940695752419e+04 7.294311203731150606e+00 4.204958085064743045e+01
2.735608880651969812e+05 2.271515900276216637e+00 1.038175158620016987e+02
1.952090644221623734e+04 4.531286713122095300e+00 9.707082326950443374e+00
8.961458982699115950e+03 7.824633047300718403e+00 9.904603700855506787e+00
7.676253610864654183e+04 6.451067450379290413e+00 2.660496782421317619e+01
2.043531624216758428e+04 8.641851566460552192e+00 8.866916725702367330e+00
3.727427142893985729e+04 8.605359890155275693e+00 1.154267907233611545e+01
1.078674691532154247e+04 1.115556024318625994e+01 9.393771883317107552e+00
2.829152411786429002e+04 1.072613312023686838e+01 8.399892484202139187e+00
4.888374602514976868e+04 6.023940494360985554e+00 2.631361367516799277e+01
2.457364780751971557e+04 4.497657143772419985e+00 1.526200768906041816e+01
1.080081187966551952e+05 5.696634257805825996e+00 4.990113999535151379e+01
