2.876801500559999840e+04 1.099639999999999951e+01 1.011529857167657909e+01
1.039165495999999985e+04 1.099600000000000044e+01 9.399436672646885427e+00
7.238831998238999222e+04 3.123610000000000220e+00 3.580610455120530133e+01
1.627618783361999886e+04 6.426210000000000200e+00 9.883627242115707645e+00
2.041476444479999918e+04 5.176409999999999734e+00 2.730200396219545667e+01
1.419425228699999934e+04 1.207220000000000049e+01 9.835829523148902354e+00
3.701636965078000503e+04 9.998910000000000409e+00 1.415649257830492935e+01
2.209070745324000018e+04 9.382039999999999935e+00 9.946532264697722781e+00
1.630627970640000058e+04 1.063320000000000043e+01 1.076283011673964651e+01
4.258931032799999957e+04 1.061890000000000001e+01 2.185386024334232857e+01
2.358117050640000161e+04 1.341680000000000028e+01 9.100644159532279787e+00
6.771128174850001233e+04 7.248370000000000424e+00 1.213087313850877180e+01
7.711534895102999872e+04 9.998269999999999769e+00 2.936066371596636770e+01
2.317020931500000006e+04 8.171250000000000568e+00 9.992761045285005750e+00
1.242714515327999834e+04 9.691819999999999879e+00 8.314101470804468264e+00
2.158669858139999997e+04 7.231939999999999813e+00 8.083527278088354251e+00
8.970892521639999177e+04 2.675829999999999931e+00 6.553706451230821983e+01
2.935144163353599724e+05 6.420160000000000089e+00 1.562520029410181266e+01
2.736766093999999794e+04 1.019079999999999941e+01 1.012072780029316554e+01
1.554140485234999869e+04 8.971650000000000347e+00 9.026484894091774791e+00
2.823520322799999849e+05 5.165429999999999744e+00 9.217547416800672977e+01
1.267942659745999990e+05 2.687609999999999832e+00 4.362357754334529858e+01
6.562825241489999462e+04 4.903089999999999726e+00 2.169349718165084440e+01
1.054744048198000019e+04 4.900260000000000282e+00 1.476523900625605457e+01
1.495847434480000084e+04 7.481760000000000410e+00 1.032870039647327864e+01
2.046958970219999901e+04 1.046589999999999954e+01 9.281464080617348955e+00
1.307269579770000200e+04 7.475389999999999979e+00 1.095296109933602047e+01
3.799880304570000590e+03 3.701989999999999892e+00 1.055029783266718724e+01
2.273442795815999852e+04 9.250669999999999504e+00 8.995245737601486269e+00
8.689364475245999347e+04 4.148629999999999818e+00 1.210037599052085433e+01
9.073653700604999904e+05 4.709089999999999776e+00 6.599629036378973979e+01
2.460686157000000094e+04 3.743720000000000159e+00 1.068608454760669346e+01
1.439409666081000069e+04 5.135510000000000019e+00 1.036690379515469296e+01
3.318974264759999642e+04 8.252760000000000318e+00 2.760499344359750395e+01
2.297060208300000158e+04 9.689470000000000027e+00 1.195415686009686951e+01
1.059569021560000147e+04 6.429420000000000357e+00 1.347240316794186832e+01
1.962998193599999649e+04 1.037599999999999945e+01 8.935302005787827184e+00
3.559613214240000525e+04 8.042630000000000834e+00 1.143799792693281958e+01
2.953221806920000017e+04 7.492810000000000414e+00 1.078941891543770559e+01
3.602291133311999147e+04 6.416479999999999961e+00 1.124810787236225273e+01
5.632507451376000245e+04 4.118360000000000021e+00 2.622278018976379244e+01
2.599267817069999364e+04 7.483609999999999651e+00 2.157424273634597967e+01
9.949647670079999443e+03 8.254720000000000724e+00 1.269089939958622359e+01
1.476028653839999970e+04 1.292559999999999931e+01 1.065497809110944516e+01
1.072512337797000146e+04 7.481569999999999609e+00 1.026617660042251856e+01
3.041092756840000220e+04 1.284660000000000046e+01 1.186987703988652676e+01
4.176631479600000603e+04 6.644300000000000317e+00 1.228878910274423575e+01
3.331292684999999619e+04 1.098750000000000071e+01 1.209332506512888727e+01
2.604569778450000013e+04 9.679850000000000065e+00 9.221580695164409036e+00
2.237289681120000023e+04 5.550440000000000040e+00 1.657805767949950848e+01
1.664728023070000199e+04 8.253989999999999938e+00 8.539508511954849723e+00
3.115598911487199366e+05 6.420609999999999928e+00 3.075388469493403321e+01
1.836685639602000010e+05 3.863420000000000076e+00 4.677054598957136022e+01
1.393920371630000045e+04 9.684779999999999944e+00 1.150507340410706192e+01
1.138440718492000015e+05 3.609989999999999810e+00 1.032680476897356385e+02
1.327741089946920052e+06 3.412760000000000016e+00 6.768850155622148179e+01
2.529771168276000026e+04 8.233219999999999317e+00 8.624359418347323114e+00
1.725033064139999988e+04 9.545629999999999171e+00 1.416621960408773973e+01
2.661467778299999918e+04 9.690300000000000580e+00 1.395837728041273884e+01
2.033451303063999876e+04 4.868879999999999875e+00 8.425701783919153698e+00
2.221899658744999761e+04 9.381850000000000023e+00 1.228649865145198739e+01
9.828370189316998585e+04 7.736509999999999998e+00 8.917453092339458820e+00
2.320924588359999689e+04 7.588510000000000311e+00 1.104482852916959068e+01
8.979116341589999502e+04 6.644409999999999705e+00 1.213536455035156614e+01
7.467796584269999294e+05 6.210169999999999746e+00 3.664316617458682117e+02
2.878959953160000077e+04 1.543560000000000088e+01 1.098449376775623598e+01
4.028165873999999894e+04 6.928679999999999950e+00 2.663019905389599273e+01
5.341801245840000920e+06 3.741680000000000117e+00 2.499014150848483951e+03
7.932158594099999755e+04 1.133929999999999971e+01 1.762674933925877596e+01
9.081290180340000006e+03 6.215309999999999668e+00 1.303400538901962946e+01
2.984205069200000071e+04 6.217290000000000205e+00 1.512719202550447761e+01
1.638528019986000145e+05 4.454200000000000159e+00 2.911748637723226096e+01
2.186219762449999689e+04 8.799149999999999139e+00 8.034798052193162121e+00
1.855787771249999787e+04 5.369069999999999787e+00 1.411551602233491565e+01
1.285891050560000076e+04 1.134159999999999968e+01 9.286635379677631974e+00
1.138030906935999883e+04 8.791719999999999757e+00 1.274880225877252471e+01
4.753070824319999665e+06 4.891200000000000436e+00 4.737927431620508969e+02
1.182762172260000079e+05 5.863400000000000389e+00 7.907634641830229327e+01
1.212129050747999863e+05 7.480780000000000207e+00 1.411064006642140356e+01
1.310620316777999869e+04 8.517379999999999285e+00 8.843571676527565373e+00
7.263407157030000235e+03 9.384470000000000312e+00 8.171983288470835660e+00
1.227754953264000142e+04 5.186460000000000292e+00 1.776466858141205307e+01
1.370210670784000104e+04 7.246719999999999828e+00 1.572362020828729356e+01
9.311089389439999650e+03 6.580739999999999590e+00 9.276582433458456123e+00
3.804756406879999849e+04 7.734960000000000058e+00 1.787139712678693115e+01
2.686862655360000208e+05 7.732879999999999754e+00 1.321413333651016160e+02
2.304574097904000155e+04 4.155280000000000307e+00 2.014025621314821635e+01
2.810128732040000032e+05 4.804540000000000255e+00 6.831422791676783390e+01
2.814334081780000270e+04 1.065060000000000073e+01 1.375382567375756970e+01
3.607439353020000271e+06 4.900940000000000296e+00 5.620391477383107031e+02
3.134826729350000387e+05 4.306300000000000239e+00 4.304964987663071696e+01
1.623877679951500031e+05 8.801650000000000418e+00 1.013150394092028428e+01
2.901522081660000549e+04 6.208070000000000199e+00 8.907252958663056219e+00
2.160628393272000176e+04 7.490840000000000387e+00 1.788569079421881725e+01
1.396820278799999869e+04 1.284559999999999924e+01 9.530676408111117937e+00
3.824457166950000101e+05 2.366649999999999920e+00 3.734291410209283981e+02
6.071742414900000767e+03 6.164450000000000429e+00 9.449269101089400991e+00
2.994101893315000052e+04 9.381930000000000547e+00 8.233126859172525513e+00
3.698175663599999825e+04 5.366900000000000226e+00 1.685417668170921957e+01
4.422211553591999836e+04 6.643580000000000041e+00 8.863411079725915798e+00
3.582834601295999892e+04 3.118559999999999999e+00 4.520652800474628208e+01
1.207509993510000095e+04 4.155210000000000292e+00 1.477689516448536722e+01
4.505570485680000274e+03 4.520679999999999588e+00 8.450887391985409280e+00
2.186828808084000048e+04 5.519510000000000360e+00 1.023233806395442969e+01
7.370910118263999175e+04 8.527979999999999450e+00 3.517862594961993494e+01
2.553735765354000323e+05 3.739380000000000148e+00 5.529616191466627839e+01
1.080323836850000080e+05 7.735890000000000377e+00 2.202497191757069217e+01
6.636964516000000003e+04 7.245250000000000412e+00 1.941716489890726294e+01
2.145927866219999851e+04 4.306370000000000253e+00 2.181928498078952927e+01
8.569789836800000558e+03 5.790899999999999714e+00 1.547509369058184525e+01
1.199354147109000041e+05 9.381740000000000634e+00 1.441152515330374762e+01
7.291847902179999437e+03 3.702069999999999972e+00 1.253474577959742042e+01
4.185697531200000412e+03 3.287679999999999936e+00 8.077732559865046014e+00
1.154812036643999891e+05 6.430519999999999570e+00 4.705713069712741259e+01
1.545289698599999974e+04 1.065049999999999919e+01 8.793309719393576529e+00
1.923790166953199951e+05 7.732359999999999900e+00 2.364558054319915925e+01
4.885963838010000472e+03 3.092929999999999957e+00 1.175095333845859891e+01
1.582942919455999981e+04 5.368290000000000006e+00 9.439366777432098843e+00
1.637959873499999958e+04 1.168350000000000044e+01 9.353239204600525269e+00
8.924501141309799277e+04 1.997490000000000099e-01 1.201241531477813169e+03
1.927848270000000048e+04 8.160600000000000520e+00 1.301295962884008617e+01
1.037189368313000014e+05 7.733909999999999840e+00 3.855595623620484247e+01
1.528329741536000074e+04 6.968160000000000132e+00 8.493207962508515507e+00
1.816753250929999922e+05 2.281650000000000067e-01 4.497369565568268627e+03
2.574422816612999668e+04 3.489689999999999959e+00 2.046670942752748701e+01
2.806413206939999873e+04 8.253019999999999357e+00 1.167119355777540335e+01
3.061365304569999716e+04 7.472889999999999588e+00 9.675454798405850099e+00
2.254265054190000228e+04 4.701270000000000060e+00 4.211386175773420604e+01
1.910510528291999799e+04 8.240930000000000533e+00 1.303358237782456541e+01
2.486589523556000131e+04 9.380010000000000403e+00 8.193281451688038786e+00
3.231357996879999700e+04 9.690939999999999444e+00 1.174304454003435616e+01
4.029414003019999654e+03 2.692989999999999995e+00 1.566151677457312630e+01
2.119868849111999953e+04 6.911959999999999660e+00 1.243829776801701392e+01
1.751242592933999913e+04 5.368940000000000268e+00 1.192426017446106101e+01
9.530963420559999577e+03 7.491880000000000095e+00 1.233259700085302590e+01
1.393842205889999968e+04 9.382939999999999614e+00 1.232177518399257821e+01
4.143929631263999909e+04 7.736539999999999750e+00 9.473515557536490661e+00
6.452824502205000317e+04 8.528169999999999362e+00 9.548842649751904332e+00
1.367911522872000023e+04 8.249420000000000641e+00 9.269143800437493752e+00
1.054166500056000041e+04 9.690780000000000172e+00 8.814683981708663296e+00
2.061758427189999929e+04 1.063470000000000049e+01 1.241919335965602578e+01
4.351162742459999572e+04 5.551910000000000345e+00 4.178153205348235133e+01
2.031563921750000009e+04 1.063349999999999973e+01 1.319040932528947607e+01
2.760690955191999674e+05 6.427120000000000388e+00 1.729184446389571690e+02
3.996758404799999698e+04 8.802799999999999514e+00 1.484569297008824584e+01
1.483881284448000224e+04 7.475360000000000227e+00 9.832591413999773877e+00
7.569390992256000754e+04 4.154480000000000395e+00 4.384254273743911767e+01
5.457587090760000137e+04 9.380929999999999325e+00 1.278129814981743628e+01
1.373368398151000147e+05 4.789089999999999847e+00 5.061501115757268821e+01
3.307932872603999567e+04 8.492689999999999628e+00 1.977697397427396098e+01
2.385729625057999801e+05 2.090619999999999923e+00 1.459093100072684592e+02
3.110900735249999707e+04 1.207249999999999979e+01 1.062402832049055945e+01
1.542847604100000171e+04 3.613020000000000120e+00 1.121044577071626769e+01
1.621560488768000141e+04 9.352320000000000633e+00 1.302137510760291939e+01
1.366070608290000018e+04 1.241530000000000022e+01 8.224081724906518787e+00
2.853550661360000231e+04 7.241729999999999556e+00 8.380923716965462233e+00
1.540812028999999893e+04 1.200999999999999979e+01 9.058875271208936653e+00
4.553943139199999860e+04 7.735999999999999766e+00 9.551933336189067703e+00
1.525093964599999890e+05 7.489959999999999951e+00 6.925358081307082614e+01
2.309805140109999775e+04 5.185889999999999667e+00 2.134894819940742750e+01
3.205836748799999623e+04 1.129759999999999920e+01 1.149004506542425830e+01
1.000767880350000050e+05 1.913380000000000081e+00 9.850847412705705608e+01
9.611187133800000083e+03 6.908599999999999852e+00 9.421882851936999259e+00
2.239271923600000082e+04 1.284539999999999971e+01 9.633138982928990401e+00
9.176226800219999859e+03 4.359980000000000189e+00 1.833402959327953852e+01
1.592324631139999838e+04 6.918309999999999960e+00 1.672657989520703126e+01
3.754536764470000344e+04 9.689590000000000813e+00 1.068141473752480408e+01
2.588531952720000118e+04 9.998200000000000642e+00 8.472976626539772127e+00
1.059051135843600059e+05 5.354280000000000150e+00 2.688994477736665445e+01
8.803151122980000218e+04 5.867219999999999658e+00 3.441986936120586904e+01
1.664520103734000077e+04 9.384389999999999787e+00 1.192916224932926283e+01
1.663804134719999856e+05 4.154239999999999711e+00 9.977573003177637645e+01
1.904482050080000045e+04 2.907719999999999860e+00 4.278053382673066096e+01
2.463598495199999888e+04 1.364199999999999946e+01 1.083631862642146082e+01
1.705562210093999965e+04 8.527860000000000440e+00 8.243808703191806586e+00
4.440911730650000391e+04 1.099469999999999992e+01 1.290033143405424987e+01
1.414400754029999953e+05 4.452259999999999884e+00 2.648091323055194124e+01
1.648973713307999788e+04 6.424979999999999691e+00 1.334372080648856418e+01
7.487837673600000016e+03 3.857689999999999841e+00 9.887202520524207117e+00
9.041017359030000080e+03 4.720530000000000115e+00 2.054094371814660747e+01
1.872940868619999848e+06 8.370360000000000023e-01 7.240227894682571787e+03
5.919543192199999612e+04 7.811860000000000248e+00 9.983970130907671603e+00
3.319540221599999495e+04 1.240729999999999933e+01 1.567857669246711616e+01
5.139905387345000054e+04 7.734510000000000218e+00 1.475445607082331989e+01
1.909214143200000035e+04 1.203120000000000012e+01 9.858522977609526450e+00
1.525705775376000020e+04 7.492079999999999629e+00 1.376821652675327989e+01
8.256984795999998823e+03 4.307909999999999684e+00 8.927509573944478305e+00
2.602941075600000113e+04 1.168360000000000021e+01 8.136625723938093913e+00
3.734918355480000173e+04 8.251580000000000581e+00 9.750078650569451000e+00
1.170496439420000024e+04 1.064489999999999981e+01 9.560958846053866367e+00
1.300427743999999802e+04 5.369650000000000034e+00 1.256325786951880374e+01
2.707172182330000214e+04 1.065010000000000012e+01 8.292346716552060570e+00
1.696286784479999915e+05 7.492099999999999760e+00 4.662775853668490100e+01
1.281264547991999825e+04 9.679019999999999513e+00 8.569924110891994573e+00
1.765674176000000080e+04 1.206900000000000084e+01 1.027399547554670356e+01
1.598366039339599665e+05 5.122589999999999755e+00 4.089408644340669241e+01
5.618615147600000637e+04 1.134120000000000061e+01 1.519734203824736696e+01
3.205051851080000051e+04 1.033479999999999954e+01 1.948085730882299771e+01
2.602070919400000275e+04 1.061700000000000088e+01 9.201726648636897821e+00
1.470529281967999850e+04 7.492320000000000313e+00 1.255938792115688152e+01
1.446458159040000101e+04 5.368920000000000137e+00 8.830289723481966391e+00
7.519840333854000084e+06 1.374659999999999993e+00 4.375573885305356612e+02
1.944843282140000156e+04 9.687150000000000816e+00 1.280866896633585306e+01
2.141821982959999877e+04 1.280829999999999913e+01 1.411247162391438259e+01
1.283777743584000018e+04 8.785130000000000550e+00 8.210445526301731078e+00
4.049413047499999811e+04 9.996249999999999858e+00 1.224316803271154264e+01
1.691514803100000063e+04 1.134050000000000047e+01 1.261669149999815254e+01
1.014367630583999926e+04 8.255119999999999791e+00 9.896791807510696870e+00
1.252866548440000042e+04 1.204860000000000042e+01 8.841245013428036259e+00
2.393009349250000378e+04 6.216750000000000220e+00 1.743987564836776727e+01
3.840525337500000023e+04 1.538749999999999929e+01 1.199631065176376232e+01
6.504532365290998714e+05 1.613369999999999971e+00 1.634268921326231521e+02
1.574647659040000008e+03 1.047840000000000105e+00 1.461355836403534525e+01
1.116116497116000028e+04 8.508680000000000021e+00 9.073515782072465896e+00
1.436979625955999829e+06 5.364399999999999835e+00 1.536593776375636367e+02
1.525000246467999932e+04 9.917469999999999786e+00 9.168923301132496206e+00
1.126693463584000165e+04 8.528740000000000876e+00 8.227651745913410863e+00
3.126503716515000633e+04 4.902350000000000207e+00 8.651575671551279711e+00
1.194375439634999959e+06 7.490709999999999980e+00 4.812573685453683652e+02
1.608820661874000143e+04 8.426980000000000359e+00 8.229239715674383504e+00
9.335980880769999203e+03 5.186370000000000147e+00 9.582318516174598955e+00
1.992773246509999735e+05 9.384489999999999554e+00 1.111013732559511169e+01
4.480817824000000837e+04 3.438000000000000167e+00 2.052996825015579319e+01
1.589725150287999895e+04 7.247519999999999740e+00 1.182524828456288191e+01
2.245412404334999883e+04 8.528150000000000119e+00 9.377442491083353815e+00
1.788725877229999969e+04 1.134009999999999962e+01 8.219354769482414724e+00
1.389426665470000262e+04 7.967850000000000321e+00 1.025309684490631490e+01
2.819187961920000089e+04 8.527760000000000673e+00 1.148254589218246480e+01
1.204157203100999868e+04 7.490389999999999660e+00 1.516709262942197789e+01
1.391393359126599971e+05 7.491310000000000358e+00 2.558634637202041517e+01
3.053614860599999520e+04 1.099579999999999913e+01 1.032869018475396672e+01
1.420576758419999896e+04 1.284709999999999930e+01 8.067215825529105544e+00
1.875090381189999607e+04 1.220289999999999964e+01 8.788238808197826657e+00
5.067098840110000310e+04 6.644099999999999895e+00 2.438270488871108910e+01
4.449544111619999603e+04 9.074659999999999727e+00 2.068446738098172588e+01
1.086914467599999989e+04 8.025249999999999773e+00 1.007321468455037383e+01
9.498934946069998841e+04 7.245409999999999684e+00 6.079265884375805484e+01
1.493272009900000194e+04 2.329050000000000065e+00 2.687971726747126766e+01
1.874644466251999984e+04 9.365019999999999456e+00 9.499002187944988407e+00
5.750723303429999214e+04 1.099489999999999945e+01 2.333589553534791250e+01
4.082124120989999938e+04 4.460589999999999833e+00 2.083569933470923985e+01
2.021081976815999951e+04 5.366920000000000357e+00 1.004108045559380891e+01
2.283644260800000120e+04 1.207390000000000008e+01 1.026949131346998279e+01
2.932861676499999885e+04 1.061350000000000016e+01 1.010221225505049070e+01
2.179114219559999765e+04 1.035880000000000045e+01 8.688248882629757475e+00
3.227521251393000057e+04 3.417829999999999924e+00 1.889370859607666375e+01
2.105375946911999927e+04 7.491839999999999833e+00 8.720988927769754540e+00
2.391905525449180044e+06 3.853810000000000180e+00 5.142925499799526534e+01
2.360439133749999746e+04 6.215709999999999624e+00 1.027925148006115208e+01
1.457388459186000000e+04 9.321659999999999613e+00 8.647026432895465575e+00
8.875011422640000092e+03 5.867960000000000065e+00 1.448427856055447727e+01
1.960716775160000179e+04 1.203480000000000061e+01 1.371532933116221642e+01
5.149281958080000186e+04 8.039680000000000604e+00 2.754668875147661211e+01
3.233920259200000146e+04 1.182039999999999935e+01 1.147907290168813077e+01
3.868859397919999901e+04 5.185839999999999783e+00 1.880944207415335256e+01
5.173393923552400665e+05 5.550040000000000084e+00 4.614405204570700647e+01
4.471601260060000641e+03 1.701820000000000110e+00 1.655812530265198390e+01
9.209822559850000835e+04 8.252430000000000376e+00 1.345993562232583329e+01
2.411127603220000310e+04 1.341580000000000084e+01 8.612244206012029224e+00
5.353745502480000141e+03 3.756120000000000125e+00 1.064931594925400482e+01
7.751470188539999981e+03 8.802830000000000155e+00 8.594743537352115936e+00
1.841839931921999960e+04 9.998409999999999798e+00 9.368612681395227071e+00
2.388256512459999649e+05 5.182019999999999627e+00 9.678974437327460123e+01
3.424824215595000715e+04 7.228309999999999569e+00 1.124444449062699825e+01
1.031676505412000006e+04 9.384430000000000049e+00 8.339873253472035231e+00
2.202327363989999867e+04 6.215989999999999682e+00 1.956422606410870912e+01
8.061932156880000548e+04 8.253230000000000288e+00 1.943468287299486974e+01
1.009410526679999930e+04 6.216079999999999828e+00 9.073343049783044734e+00
9.773758757040001001e+03 7.491640000000000299e+00 8.143251157208528213e+00
4.719835729960000026e+04 1.450890000000000013e+00 8.294312730843257953e+01
3.325123697024000285e+04 6.917440000000000033e+00 1.241818725234491083e+01
1.221167881235999812e+04 5.367259999999999920e+00 9.597149661979630153e+00
1.696057608360000086e+04 8.528359999999999275e+00 8.303354083493587723e+00
2.631931075250000140e+04 9.349750000000000227e+00 9.409838871729002463e+00
3.118327456217999570e+05 3.605630000000000113e+00 6.322616257991505506e+01
2.553984650125000189e+04 5.866150000000000198e+00 1.302123594089579406e+01
6.772342476799999713e+04 9.384479999999999933e+00 2.374443097439159445e+01
5.995463397499999701e+03 3.065409999999999968e+00 1.089936324820778069e+01
3.695865989220000483e+04 7.246129999999999960e+00 1.757402014381588629e+01
3.114467631619999884e+04 1.207230000000000025e+01 1.366257999332762729e+01
2.459579161259999819e+04 8.802009999999999224e+00 1.183600554997116383e+01
7.787450930279999739e+03 4.461079999999999934e+00 1.329962838849849938e+01
2.568777771299999949e+04 1.205979999999999919e+01 9.855232781730098424e+00
4.245304471439999761e+05 5.181479999999999642e+00 1.509855987830068216e+02
3.190976125100000354e+04 4.700350000000000250e+00 2.476250919420622054e+01
2.905420987980000064e+04 5.419769999999999754e+00 1.024206334185534750e+01
3.325123697024000285e+04 6.917440000000000033e+00 2.276667884890202487e+01
2.592401496999999654e+04 8.526999999999999247e+00 1.746197382949612731e+01
1.836992739217999770e+04 3.728619999999999823e+00 8.826062019808716741e+00
2.072918650287999844e+04 6.430860000000000021e+00 1.263308532470955292e+01
2.566383907460000046e+04 6.928230000000000111e+00 2.714452950752986737e+01
1.137552780948000029e+06 3.866740000000000066e+00 1.780506178980429297e+02
8.992132061952000367e+04 7.488730000000000331e+00 2.296568371304470801e+01
6.504532365290998714e+05 1.613369999999999971e+00 1.136791822832732066e+02
3.108577762639999855e+04 6.330029999999999824e+00 1.852104146194308143e+01
2.267670841110000038e+04 9.991730000000000445e+00 8.527875424691956141e+00
1.063100602943999911e+04 9.980719999999999814e+00 8.241187807311815661e+00
1.245098633630000040e+04 6.207580000000000098e+00 1.035512876900811108e+01
2.762960505900000135e+04 1.005579999999999963e+01 1.330803580435422084e+01
1.538766076210000028e+05 4.300989999999999647e+00 2.685859899173768284e+01
1.762857286718999967e+04 8.253470000000000084e+00 1.528471380542901947e+01
1.455066669499999989e+04 1.099499999999999922e+01 8.611523547524820188e+00
8.991619755300000179e+03 6.431060000000000443e+00 9.304541757197348772e+00
7.901476136330000372e+03 5.185830000000000162e+00 1.099746040486319387e+01
6.464422701088000322e+05 5.546879999999999811e+00 1.531216324641409443e+01
2.821837388370000190e+04 1.245889999999999986e+01 1.559093812882136199e+01
6.816901535920000242e+03 4.117210000000000036e+00 1.494524773615285085e+01
2.459072082600000067e+04 5.369299999999999962e+00 1.172245700809594204e+01
1.881325448450000113e+04 8.529099999999999682e+00 8.009247882111852235e+00
1.396219248238000000e+04 6.216669999999999696e+00 9.215364035405992027e+00
1.369688113874999908e+04 5.065249999999999808e+00 1.118015945185472404e+01
1.204119961038000110e+04 8.255420000000000869e+00 8.643883818724052759e+00
1.091006412090000049e+04 1.130630000000000024e+01 8.897527492749713218e+00
3.238019041199999992e+04 7.735820000000000363e+00 3.402904483358328491e+01
4.667033216018999228e+05 4.294369999999999798e+00 6.138122993366182811e+01
1.724225661599999876e+04 1.545800000000000018e+01 1.000532860303247951e+01
8.998215698429999975e+03 5.972209999999999575e+00 1.242132056658915396e+01
9.577599494520001826e+03 7.492180000000000284e+00 1.051365813736116550e+01
9.361058713999998872e+03 8.526999999999999247e+00 9.869535693201552107e+00
1.712403355500000180e+04 6.431000000000000050e+00 1.368846378588792589e+01
9.452708947000000626e+05 3.278999999999999915e+00 8.802980455847426811e+02
2.941149644940000144e+04 7.761739999999999640e+00 1.329769276263911770e+01
1.633235592648000056e+04 9.964579999999999771e+00 1.576074775917347459e+01
1.238483480823979917e+05 6.001269999999999660e-01 4.056293098000547275e+02
1.769962555280000015e+04 9.384240000000000137e+00 9.194199490970893507e+00
8.795578301249999640e+03 7.248109999999999609e+00 1.309779200915054531e+01
1.314365991159999976e+04 1.065090000000000003e+01 1.081986262122721243e+01
1.814674181759999774e+05 5.367680000000000007e+00 3.140299955105898633e+01
7.008449110519999522e+04 2.889159999999999950e+00 1.990775687379965220e+01
3.529531585299999279e+04 1.057029999999999959e+01 8.257821939830209956e+00
2.152170007953000095e+04 9.997230000000000061e+00 1.159873650966816783e+01
1.227135470219999843e+05 7.491100000000000314e+00 3.321850151309229915e+01
1.456815617711999948e+04 2.365489999999999871e+00 3.345602082527507548e+01
3.798937303200000315e+04 8.527449999999999974e+00 2.062985453660285629e+01
1.002503740140000009e+05 7.735159999999999592e+00 4.576236766495259189e+01
1.767295497420000174e+04 6.502699999999999925e+00 1.031773107596744232e+01
1.744621981959999903e+04 1.097429999999999950e+01 8.797914066079263407e+00
1.423910457322500006e+05 4.804750000000000298e+00 1.564179332920245358e+01
2.232906826880000153e+04 4.547760000000000247e+00 2.785877435841875638e+01
1.547973158759999933e+04 1.040090000000000003e+01 1.206849561824694561e+01
6.284600283749999653e+04 4.298429999999999751e+00 8.129455369746115423e+01
1.083082530300000144e+04 5.552599999999999980e+00 9.742597389612441816e+00
4.694385055319999083e+03 3.321889999999999787e+00 1.105950997519711088e+01
1.634926730183000109e+04 5.186130000000000351e+00 1.028921055337046475e+01
6.370950172377999843e+04 8.528340000000000032e+00 2.514338583845349717e+01
